  0.00000  0.00000  2.00000 -0.10000  2.00000
  0.00500  0.01001  2.00237 -0.08999  2.00487
  0.01000  0.02002  2.00450 -0.07995  2.00950
  0.01500  0.03005  2.00637 -0.06989  2.01387
  0.02000  0.04009  2.00799 -0.05981  2.01799
  0.02500  0.05013  2.00936 -0.04971  2.02186
  0.03000  0.06018  2.01048 -0.03959  2.02547
  0.03500  0.07024  2.01135 -0.02946  2.02883
  0.04000  0.08029  2.01196 -0.01931  2.03193
  0.04500  0.09036  2.01232 -0.00914  2.03478
  0.05000  0.10042  2.01242  0.00104  2.03737
  0.05500  0.11048  2.01227  0.01124  2.03970
  0.06000  0.12054  2.01186  0.02144  2.04177
  0.06500  0.13060  2.01121  0.03165  2.04359
  0.07000  0.14065  2.01029  0.04187  2.04515
  0.07500  0.15070  2.00912  0.05210  2.04645
  0.08000  0.16074  2.00770  0.06234  2.04749
  0.08500  0.17078  2.00602  0.07258  2.04827
  0.09000  0.18080  2.00409  0.08282  2.04879
  0.09500  0.19082  2.00190  0.09307  2.04905
  0.10000  0.20082  1.99946  0.10331  2.04904
  0.10500  0.21081  1.99676  0.11356  2.04878
  0.11000  0.22079  1.99381  0.12380  2.04826
  0.11500  0.23075  1.99060  0.13404  2.04747
  0.12000  0.24070  1.98714  0.14428  2.04642
  0.12500  0.25062  1.98342  0.15450  2.04511
  0.13000  0.26053  1.97945  0.16473  2.04354
  0.13500  0.27042  1.97523  0.17494  2.04171
  0.14000  0.28028  1.97075  0.18514  2.03961
  0.14500  0.29013  1.96602  0.19534  2.03726
  0.15000  0.29994  1.96104  0.20552  2.03464
  0.15500  0.30974  1.95580  0.21568  2.03176
  0.16000  0.31950  1.95031  0.22583  2.02861
  0.16500  0.32924  1.94457  0.23597  2.02521
  0.17000  0.33895  1.93858  0.24609  2.02155
  0.17500  0.34862  1.93234  0.25618  2.01762
  0.18000  0.35827  1.92584  0.26626  2.01343
  0.18500  0.36788  1.91910  0.27632  2.00899
  0.19000  0.37746  1.91211  0.28635  2.00428
  0.19500  0.38700  1.90487  0.29636  1.99931
  0.20000  0.39651  1.89739  0.30634  1.99409
  0.20500  0.40598  1.88965  0.31630  1.98860
  0.21000  0.41541  1.88167  0.32623  1.98286
  0.21500  0.42479  1.87345  0.33613  1.97685
  0.22000  0.43414  1.86498  0.34600  1.97059
  0.22500  0.44344  1.85626  0.35584  1.96408
  0.23000  0.45270  1.84731  0.36564  1.95730
  0.23500  0.46192  1.83811  0.37541  1.95028
  0.24000  0.47108  1.82867  0.38514  1.94299
  0.24500  0.48020  1.81899  0.39484  1.93545
  0.25000  0.48927  1.80907  0.40450  1.92766
  0.25500  0.49830  1.79891  0.41412  1.91962
  0.26000  0.50726  1.78852  0.42369  1.91132
  0.26500  0.51618  1.77789  0.43323  1.90277
  0.27000  0.52504  1.76702  0.44272  1.89397
  0.27500  0.53385  1.75593  0.45217  1.88492
  0.28000  0.54260  1.74459  0.46157  1.87563
  0.28500  0.55130  1.73303  0.47092  1.86608
  0.29000  0.55993  1.72124  0.48023  1.85629
  0.29500  0.56851  1.70922  0.48949  1.84625
  0.30000  0.57702  1.69697  0.49869  1.83597
  0.30500  0.58548  1.68449  0.50785  1.82544
  0.31000  0.59387  1.67179  0.51695  1.81467
  0.31500  0.60220  1.65887  0.52599  1.80366
  0.32000  0.61046  1.64572  0.53498  1.79241
  0.32500  0.61865  1.63236  0.54392  1.78093
  0.33000  0.62678  1.61877  0.55279  1.76920
  0.33500  0.63484  1.60497  0.56161  1.75724
  0.34000  0.64283  1.59095  0.57037  1.74504
  0.34500  0.65075  1.57671  0.57906  1.73261
  0.35000  0.65860  1.56227  0.58769  1.71994
  0.35500  0.66637  1.54761  0.59626  1.70704
  0.36000  0.67407  1.53274  0.60476  1.69392
  0.36500  0.68170  1.51766  0.61320  1.68057
  0.37000  0.68925  1.50238  0.62157  1.66699
  0.37500  0.69672  1.48689  0.62987  1.65318
  0.38000  0.70412  1.47120  0.63810  1.63915
  0.38500  0.71144  1.45531  0.64626  1.62490
  0.39000  0.71867  1.43922  0.65435  1.61043
  0.39500  0.72583  1.42293  0.66236  1.59574
  0.40000  0.73290  1.40645  0.67031  1.58083
  0.40500  0.73989  1.38977  0.67817  1.56570
  0.41000  0.74680  1.37290  0.68596  1.55037
  0.41500  0.75362  1.35584  0.69368  1.53482
  0.42000  0.76036  1.33859  0.70131  1.51906
  0.42500  0.76701  1.32116  0.70887  1.50309
  0.43000  0.77357  1.30354  0.71634  1.48691
  0.43500  0.78004  1.28574  0.72374  1.47053
  0.44000  0.78643  1.26777  0.73105  1.45395
  0.44500  0.79272  1.24961  0.73828  1.43717
  0.45000  0.79892  1.23128  0.74542  1.42018
  0.45500  0.80503  1.21277  0.75248  1.40300
  0.46000  0.81105  1.19409  0.75945  1.38563
  0.46500  0.81698  1.17525  0.76633  1.36806
  0.47000  0.82280  1.15623  0.77313  1.35030
  0.47500  0.82854  1.13706  0.77984  1.33235
  0.48000  0.83417  1.11771  0.78645  1.31422
  0.48500  0.83971  1.09821  0.79298  1.29590
  0.49000  0.84516  1.07856  0.79941  1.27739
  0.49500  0.85050  1.05874  0.80575  1.25871
  0.50000  0.85574  1.03877  0.81200  1.23985
  0.50500  0.86089  1.01866  0.81815  1.22081
  0.51000  0.86593  0.99839  0.82421  1.20160
  0.51500  0.87087  0.97798  0.83017  1.18222
  0.52000  0.87571  0.95742  0.83603  1.16267
  0.52500  0.88045  0.93672  0.84179  1.14295
  0.53000  0.88508  0.91588  0.84746  1.12307
  0.53500  0.88960  0.89491  0.85302  1.10302
  0.54000  0.89403  0.87381  0.85849  1.08282
  0.54500  0.89834  0.85257  0.86385  1.06245
  0.55000  0.90255  0.83120  0.86911  1.04194
  0.55500  0.90665  0.80971  0.87427  1.02127
  0.56000  0.91065  0.78809  0.87933  1.00044
  0.56500  0.91454  0.76635  0.88428  0.97948
  0.57000  0.91831  0.74450  0.88912  0.95836
  0.57500  0.92198  0.72253  0.89386  0.93711
  0.58000  0.92554  0.70044  0.89849  0.91571
  0.58500  0.92899  0.67825  0.90302  0.89418
  0.59000  0.93232  0.65594  0.90743  0.87251
  0.59500  0.93554  0.63353  0.91174  0.85071
  0.60000  0.93866  0.61102  0.91594  0.82878
  0.60500  0.94165  0.58841  0.92003  0.80673
  0.61000  0.94454  0.56571  0.92401  0.78455
  0.61500  0.94731  0.54290  0.92787  0.76225
  0.62000  0.94997  0.52001  0.93163  0.73983
  0.62500  0.95251  0.49703  0.93527  0.71729
  0.63000  0.95494  0.47396  0.93880  0.69464
  0.63500  0.95725  0.45081  0.94222  0.67188
  0.64000  0.95945  0.42758  0.94552  0.64901
  0.64500  0.96153  0.40427  0.94871  0.62604
  0.65000  0.96349  0.38089  0.95178  0.60296
  0.65500  0.96534  0.35744  0.95474  0.57978
  0.66000  0.96706  0.33391  0.95758  0.55651
  0.66500  0.96868  0.31032  0.96030  0.53315
  0.67000  0.97017  0.28667  0.96291  0.50969
  0.67500  0.97154  0.26296  0.96540  0.48614
  0.68000  0.97280  0.23919  0.96777  0.46251
  0.68500  0.97393  0.21537  0.97003  0.43880
  0.69000  0.97495  0.19149  0.97216  0.41501
  0.69500  0.97585  0.16757  0.97418  0.39114
  0.70000  0.97663  0.14360  0.97607  0.36720
  0.70500  0.97729  0.11958  0.97785  0.34319
  0.71000  0.97782  0.09553  0.97950  0.31911
  0.71500  0.97824  0.07144  0.98104  0.29496
  0.72000  0.97854  0.04732  0.98245  0.27076
  0.72500  0.97871  0.02317  0.98375  0.24649
  0.73000  0.97877 -0.00101  0.98492  0.22217
  0.73500  0.97870 -0.02522  0.98597  0.19780
  0.74000  0.97852 -0.04944  0.98690  0.17338
  0.74500  0.97821 -0.07369  0.98770  0.14891
  0.75000  0.97778 -0.09795  0.98839  0.12440
  0.75500  0.97723 -0.12222  0.98895  0.09984
  0.76000  0.97656 -0.14651  0.98938  0.07525
  0.76500  0.97576 -0.17080  0.98970  0.05063
  0.77000  0.97485 -0.19509  0.98989  0.02597
  0.77500  0.97381 -0.21939  0.98996  0.00129
  0.78000  0.97266 -0.24368  0.98990 -0.02342
  0.78500  0.97138 -0.26797  0.98972 -0.04815
  0.79000  0.96998 -0.29224  0.98942 -0.07290
  0.79500  0.96845 -0.31651  0.98899 -0.09767
  0.80000  0.96681 -0.34076  0.98844 -0.12245
  0.80500  0.96505 -0.36500  0.98777 -0.14724
  0.81000  0.96316 -0.38921  0.98697 -0.17203
  0.81500  0.96115 -0.41340  0.98605 -0.19683
  0.82000  0.95903 -0.43756  0.98500 -0.22163
  0.82500  0.95678 -0.46170  0.98383 -0.24643
  0.83000  0.95441 -0.48580  0.98254 -0.27122
  0.83500  0.95192 -0.50986  0.98112 -0.29600
  0.84000  0.94931 -0.53389  0.97958 -0.32077
  0.84500  0.94658 -0.55787  0.97791 -0.34553
  0.85000  0.94373 -0.58181  0.97612 -0.37026
  0.85500  0.94076 -0.60570  0.97421 -0.39498
  0.86000  0.93768 -0.62955  0.97217 -0.41967
  0.86500  0.93447 -0.65333  0.97001 -0.44433
  0.87000  0.93114 -0.67706  0.96773 -0.46896
  0.87500  0.92770 -0.70073  0.96532 -0.49356
  0.88000  0.92414 -0.72434  0.96280 -0.51812
  0.88500  0.92045 -0.74788  0.96014 -0.54264
  0.89000  0.91666 -0.77135  0.95737 -0.56711
  0.89500  0.91274 -0.79475  0.95447 -0.59154
  0.90000  0.90871 -0.81807  0.95145 -0.61592
  0.90500  0.90456 -0.84132  0.94831 -0.64025
  0.91000  0.90030 -0.86449  0.94505 -0.66452
  0.91500  0.89592 -0.88757  0.94167 -0.68874
  0.92000  0.89142 -0.91056  0.93816 -0.71289
  0.92500  0.88681 -0.93347  0.93454 -0.73698
  0.93000  0.88209 -0.95628  0.93079 -0.76099
  0.93500  0.87725 -0.97900  0.92693 -0.78494
  0.94000  0.87230 -1.00162  0.92294 -0.80881
  0.94500  0.86723 -1.02414  0.91884 -0.83261
  0.95000  0.86205 -1.04655  0.91462 -0.85633
  0.95500  0.85677 -1.06886  0.91028 -0.87996
  0.96000  0.85137 -1.09105  0.90582 -0.90350
  0.96500  0.84586 -1.11313  0.90124 -0.92696
  0.97000  0.84023 -1.13510  0.89655 -0.95032
  0.97500  0.83450 -1.15695  0.89174 -0.97359
  0.98000  0.82866 -1.17868  0.88681 -0.99676
  0.98500  0.82272 -1.20028  0.88177 -1.01983
  0.99000  0.81666 -1.22176  0.87661 -1.04279
  0.99500  0.81050 -1.24310  0.87134 -1.06565
  1.00000  0.80423 -1.26432  0.86596 -1.08839
  1.00500  0.79786 -1.28540  0.86046 -1.11103
  1.01000  0.79138 -1.30634  0.85485 -1.13354
  1.01500  0.78479 -1.32714  0.84912 -1.15594
  1.02000  0.77811 -1.34779  0.84329 -1.17822
  1.02500  0.77132 -1.36830  0.83734 -1.20037
  1.03000  0.76442 -1.38866  0.83128 -1.22239
  1.03500  0.75743 -1.40887  0.82512 -1.24428
  1.04000  0.75033 -1.42893  0.81884 -1.26604
  1.04500  0.74314 -1.44883  0.81246 -1.28766
  1.05000  0.73585 -1.46857  0.80597 -1.30914
  1.05500  0.72845 -1.48814  0.79937 -1.33048
  1.06000  0.72096 -1.50756  0.79266 -1.35168
  1.06500  0.71338 -1.52680  0.78585 -1.37272
  1.07000  0.70570 -1.54588  0.77893 -1.39362
  1.07500  0.69792 -1.56478  0.77191 -1.41437
  1.08000  0.69005 -1.58351  0.76479 -1.43495
  1.08500  0.68208 -1.60206  0.75756 -1.45538
  1.09000  0.67403 -1.62043  0.75024 -1.47565
  1.09500  0.66588 -1.63862  0.74281 -1.49576
  1.10000  0.65764 -1.65663  0.73528 -1.51569
  1.10500  0.64931 -1.67445  0.72765 -1.53546
  1.11000  0.64090 -1.69208  0.71992 -1.55506
  1.11500  0.63239 -1.70952  0.71210 -1.57448
  1.12000  0.62380 -1.72676  0.70418 -1.59373
  1.12500  0.61513 -1.74381  0.69616 -1.61279
  1.13000  0.60636 -1.76066  0.68805 -1.63167
  1.13500  0.59752 -1.77731  0.67985 -1.65037
  1.14000  0.58859 -1.79375  0.67155 -1.66888
  1.14500  0.57958 -1.80999  0.66316 -1.68721
  1.15000  0.57049 -1.82602  0.65467 -1.70534
  1.15500  0.56132 -1.84185  0.64610 -1.72327
  1.16000  0.55207 -1.85746  0.63744 -1.74101
  1.16500  0.54275 -1.87286  0.62869 -1.75855
  1.17000  0.53334 -1.88804  0.61986 -1.77589
  1.17500  0.52387 -1.90300  0.61093 -1.79302
  1.18000  0.51431 -1.91774  0.60193 -1.80995
  1.18500  0.50469 -1.93227  0.59283 -1.82666
  1.19000  0.49499 -1.94656  0.58366 -1.84317
  1.19500  0.48522 -1.96063  0.57440 -1.85947
  1.20000  0.47538 -1.97448  0.56506 -1.87555
  1.20500  0.46548 -1.98809  0.55565 -1.89141
  1.21000  0.45550 -2.00147  0.54615 -1.90705
  1.21500  0.44546 -2.01462  0.53658 -1.92247
  1.22000  0.43536 -2.02753  0.52693 -1.93766
  1.22500  0.42519 -2.04021  0.51720 -1.95263
  1.23000  0.41496 -2.05264  0.50740 -1.96737
  1.23500  0.40466 -2.06484  0.49753 -1.98189
  1.24000  0.39431 -2.07679  0.48758 -1.99616
  1.24500  0.38389 -2.08850  0.47756 -2.01021
  1.25000  0.37342 -2.09996  0.46748 -2.02402
  1.25500  0.36289 -2.11117  0.45732 -2.03759
  1.26000  0.35231 -2.12214  0.44710 -2.05092
  1.26500  0.34167 -2.13285  0.43682 -2.06401
  1.27000  0.33098 -2.14332  0.42646 -2.07685
  1.27500  0.32024 -2.15353  0.41605 -2.08945
  1.28000  0.30945 -2.16348  0.40557 -2.10181
  1.28500  0.29860 -2.17318  0.39503 -2.11391
  1.29000  0.28772 -2.18261  0.38443 -2.12576
  1.29500  0.27678 -2.19179  0.37377 -2.13736
  1.30000  0.26580 -2.20071  0.36306 -2.14871
  1.30500  0.25477 -2.20937  0.35228 -2.15980
  1.31000  0.24370 -2.21776  0.34146 -2.17063
  1.31500  0.23259 -2.22589  0.33058 -2.18121
  1.32000  0.22144 -2.23375  0.31965 -2.19152
  1.32500  0.21026 -2.24134  0.30866 -2.20158
  1.33000  0.19903 -2.24867  0.29763 -2.21136
  1.33500  0.18777 -2.25573  0.28655 -2.22089
  1.34000  0.17647 -2.26251  0.27542 -2.23015
  1.34500  0.16514 -2.26903  0.26425 -2.23914
  1.35000  0.15378 -2.27527  0.25303 -2.24786
  1.35500  0.14239 -2.28124  0.24177 -2.25631
  1.36000  0.13097 -2.28693  0.23047 -2.26449
  1.36500  0.11952 -2.29235  0.21912 -2.27239
  1.37000  0.10805 -2.29749  0.20774 -2.28002
  1.37500  0.09655 -2.30235  0.19632 -2.28738
  1.38000  0.08502 -2.30694  0.18487 -2.29446
  1.38500  0.07348 -2.31124  0.17338 -2.30127
  1.39000  0.06191 -2.31527  0.16186 -2.30779
  1.39500  0.05033 -2.31902  0.15030 -2.31403
  1.40000  0.03872 -2.32248  0.13872 -2.32000
  1.40500  0.02710 -2.32566  0.12710 -2.32568
  1.41000  0.01547 -2.32856  0.11546 -2.33108
  1.41500  0.00382 -2.33118  0.10379 -2.33620
  1.42000 -0.00785 -2.33351  0.09210 -2.34103
  1.42500 -0.01952 -2.33556  0.08038 -2.34558
  1.43000 -0.03120 -2.33733  0.06864 -2.34984
  1.43500 -0.04289 -2.33881  0.05688 -2.35381
  1.44000 -0.05459 -2.34000  0.04510 -2.35750
  1.44500 -0.06629 -2.34091  0.03331 -2.36090
  1.45000 -0.07800 -2.34153  0.02149 -2.36401
  1.45500 -0.08971 -2.34186  0.00967 -2.36683
  1.46000 -0.10142 -2.34191 -0.00217 -2.36936
  1.46500 -0.11313 -2.34167 -0.01403 -2.37160
  1.47000 -0.12483 -2.34114 -0.02589 -2.37354
  1.47500 -0.13654 -2.34032 -0.03776 -2.37520
  1.48000 -0.14824 -2.33922 -0.04964 -2.37656
  1.48500 -0.15993 -2.33783 -0.06153 -2.37763
  1.49000 -0.17162 -2.33615 -0.07342 -2.37841
  1.49500 -0.18329 -2.33418 -0.08531 -2.37890
  1.50000 -0.19496 -2.33193 -0.09721 -2.37909
  1.50500 -0.20661 -2.32939 -0.10910 -2.37899
  1.51000 -0.21825 -2.32656 -0.12100 -2.37859
  1.51500 -0.22988 -2.32344 -0.13289 -2.37790
  1.52000 -0.24149 -2.32003 -0.14478 -2.37692
  1.52500 -0.25308 -2.31634 -0.15666 -2.37564
  1.53000 -0.26465 -2.31236 -0.16853 -2.37406
  1.53500 -0.27620 -2.30809 -0.18040 -2.37219
  1.54000 -0.28773 -2.30353 -0.19225 -2.37003
  1.54500 -0.29924 -2.29869 -0.20410 -2.36757
  1.55000 -0.31072 -2.29356 -0.21593 -2.36482
  1.55500 -0.32217 -2.28815 -0.22775 -2.36177
  1.56000 -0.33360 -2.28245 -0.23955 -2.35843
  1.56500 -0.34500 -2.27647 -0.25133 -2.35479
  1.57000 -0.35636 -2.27020 -0.26310 -2.35086
  1.57500 -0.36770 -2.26365 -0.27484 -2.34664
  1.58000 -0.37900 -2.25682 -0.28656 -2.34212
  1.58500 -0.39027 -2.24970 -0.29826 -2.33731
  1.59000 -0.40150 -2.24230 -0.30994 -2.33220
  1.59500 -0.41269 -2.23462 -0.32158 -2.32681
  1.60000 -0.42384 -2.22666 -0.33320 -2.32112
  1.60500 -0.43496 -2.21842 -0.34479 -2.31514
  1.61000 -0.44603 -2.20990 -0.35635 -2.30887
  1.61500 -0.45706 -2.20110 -0.36788 -2.30230
  1.62000 -0.46804 -2.19203 -0.37938 -2.29545
  1.62500 -0.47898 -2.18268 -0.39084 -2.28831
  1.63000 -0.48987 -2.17305 -0.40226 -2.28088
  1.63500 -0.50071 -2.16315 -0.41365 -2.27316
  1.64000 -0.51150 -2.15297 -0.42499 -2.26516
  1.64500 -0.52224 -2.14253 -0.43630 -2.25686
  1.65000 -0.53292 -2.13181 -0.44756 -2.24829
  1.65500 -0.54355 -2.12082 -0.45878 -2.23942
  1.66000 -0.55413 -2.10956 -0.46996 -2.23028
  1.66500 -0.56465 -2.09803 -0.48108 -2.22085
  1.67000 -0.57511 -2.08624 -0.49216 -2.21113
  1.67500 -0.58551 -2.07418 -0.50319 -2.20114
  1.68000 -0.59585 -2.06185 -0.51418 -2.19087
  1.68500 -0.60613 -2.04927 -0.52510 -2.18031
  1.69000 -0.61635 -2.03642 -0.53598 -2.16948
  1.69500 -0.62649 -2.02331 -0.54680 -2.15837
  1.70000 -0.63658 -2.00994 -0.55756 -2.14699
  1.70500 -0.64659 -1.99631 -0.56827 -2.13533
  1.71000 -0.65654 -1.98243 -0.57892 -2.12339
  1.71500 -0.66642 -1.96829 -0.58950 -2.11119
  1.72000 -0.67622 -1.95390 -0.60003 -2.09871
  1.72500 -0.68596 -1.93926 -0.61049 -2.08597
  1.73000 -0.69562 -1.92437 -0.62089 -2.07295
  1.73500 -0.70520 -1.90923 -0.63122 -2.05967
  1.74000 -0.71471 -1.89384 -0.64148 -2.04612
  1.74500 -0.72414 -1.87821 -0.65168 -2.03231
  1.75000 -0.73349 -1.86233 -0.66181 -2.01824
  1.75500 -0.74276 -1.84622 -0.67186 -2.00391
  1.76000 -0.75195 -1.82986 -0.68185 -1.98931
  1.76500 -0.76106 -1.81327 -0.69176 -1.97446
  1.77000 -0.77009 -1.79644 -0.70159 -1.95935
  1.77500 -0.77903 -1.77937 -0.71135 -1.94399
  1.78000 -0.78788 -1.76207 -0.72103 -1.92837
  1.78500 -0.79665 -1.74455 -0.73063 -1.91250
  1.79000 -0.80533 -1.72679 -0.74015 -1.89639
  1.79500 -0.81391 -1.70881 -0.74960 -1.88002
  1.80000 -0.82241 -1.69060 -0.75896 -1.86341
  1.80500 -0.83082 -1.67217 -0.76823 -1.84656
  1.81000 -0.83914 -1.65352 -0.77742 -1.82946
  1.81500 -0.84736 -1.63465 -0.78652 -1.81213
  1.82000 -0.85548 -1.61557 -0.79554 -1.79455
  1.82500 -0.86351 -1.59627 -0.80447 -1.77674
  1.83000 -0.87144 -1.57676 -0.81331 -1.75870
  1.83500 -0.87928 -1.55704 -0.82206 -1.74042
  1.84000 -0.88701 -1.53711 -0.83071 -1.72191
  1.84500 -0.89465 -1.51698 -0.83928 -1.70318
  1.85000 -0.90218 -1.49665 -0.84775 -1.68421
  1.85500 -0.90962 -1.47611 -0.85612 -1.66503
  1.86000 -0.91695 -1.45538 -0.86440 -1.64562
  1.86500 -0.92417 -1.43445 -0.87257 -1.62600
  1.87000 -0.93129 -1.41333 -0.88066 -1.60615
  1.87500 -0.93830 -1.39202 -0.88864 -1.58609
  1.88000 -0.94521 -1.37052 -0.89652 -1.56582
  1.88500 -0.95201 -1.34883 -0.90429 -1.54534
  1.89000 -0.95870 -1.32696 -0.91197 -1.52465
  1.89500 -0.96528 -1.30491 -0.91954 -1.50376
  1.90000 -0.97175 -1.28268 -0.92701 -1.48266
  1.90500 -0.97811 -1.26028 -0.93437 -1.46136
  1.91000 -0.98435 -1.23770 -0.94162 -1.43987
  1.91500 -0.99048 -1.21495 -0.94877 -1.41818
  1.92000 -0.99650 -1.19204 -0.95580 -1.39629
  1.92500 -1.00240 -1.16896 -0.96273 -1.37421
  1.93000 -1.00819 -1.14572 -0.96954 -1.35195
  1.93500 -1.01386 -1.12231 -0.97625 -1.32950
  1.94000 -1.01941 -1.09875 -0.98284 -1.30687
  1.94500 -1.02485 -1.07504 -0.98932 -1.28406
  1.95000 -1.03016 -1.05118 -0.99568 -1.26107
  1.95500 -1.03536 -1.02716 -1.00193 -1.23790
  1.96000 -1.04043 -1.00300 -1.00806 -1.21457
  1.96500 -1.04539 -0.97870 -1.01407 -1.19106
  1.97000 -1.05022 -0.95426 -1.01997 -1.16739
  1.97500 -1.05493 -0.92968 -1.02575 -1.14355
  1.98000 -1.05952 -0.90496 -1.03141 -1.11955
  1.98500 -1.06398 -0.88012 -1.03694 -1.09540
  1.99000 -1.06832 -0.85515 -1.04236 -1.07109
  1.99500 -1.07253 -0.83005 -1.04765 -1.04662
  2.00000 -1.07662 -0.80483 -1.05283 -1.02201
  2.00500 -1.08058 -0.77948 -1.05787 -0.99725
  2.01000 -1.08442 -0.75403 -1.06280 -0.97235
  2.01500 -1.08812 -0.72846 -1.06760 -0.94730
  2.02000 -1.09170 -0.70277 -1.07227 -0.92212
  2.02500 -1.09515 -0.67698 -1.07682 -0.89680
  2.03000 -1.09847 -0.65109 -1.08124 -0.87135
  2.03500 -1.10166 -0.62510 -1.08553 -0.84578
  2.04000 -1.10472 -0.59900 -1.08970 -0.82007
  2.04500 -1.10765 -0.57282 -1.09373 -0.79425
  2.05000 -1.11045 -0.54654 -1.09764 -0.76830
  2.05500 -1.11312 -0.52017 -1.10142 -0.74224
  2.06000 -1.11565 -0.49371 -1.10506 -0.71606
  2.06500 -1.11805 -0.46718 -1.10858 -0.68978
  2.07000 -1.12032 -0.44056 -1.11196 -0.66338
  2.07500 -1.12246 -0.41387 -1.11521 -0.63689
  2.08000 -1.12446 -0.38710 -1.11833 -0.61029
  2.08500 -1.12633 -0.36027 -1.12131 -0.58359
  2.09000 -1.12806 -0.33337 -1.12416 -0.55680
  2.09500 -1.12966 -0.30640 -1.12688 -0.52992
  2.10000 -1.13113 -0.27938 -1.12946 -0.50296
  2.10500 -1.13246 -0.25230 -1.13191 -0.47590
  2.11000 -1.13365 -0.22516 -1.13422 -0.44877
  2.11500 -1.13471 -0.19798 -1.13640 -0.42155
  2.12000 -1.13563 -0.17075 -1.13844 -0.39427
  2.12500 -1.13642 -0.14347 -1.14034 -0.36691
  2.13000 -1.13706 -0.11616 -1.14211 -0.33948
  2.13500 -1.13758 -0.08881 -1.14374 -0.31199
  2.14000 -1.13795 -0.06142 -1.14523 -0.28443
  2.14500 -1.13819 -0.03400 -1.14658 -0.25682
  2.15000 -1.13829 -0.00656 -1.14779 -0.22915
  2.15500 -1.13826  0.02091 -1.14887 -0.20144
  2.16000 -1.13808  0.04840 -1.14981 -0.17367
  2.16500 -1.13777  0.07590 -1.15061 -0.14586
  2.17000 -1.13733  0.10342 -1.15127 -0.11800
  2.17500 -1.13674  0.13095 -1.15179 -0.09011
  2.18000 -1.13602  0.15848 -1.15217 -0.06219
  2.18500 -1.13515  0.18602 -1.15241 -0.03423
  2.19000 -1.13416  0.21356 -1.15251 -0.00625
  2.19500 -1.13302  0.24110 -1.15247  0.02176
  2.20000 -1.13174  0.26863 -1.15229  0.04979
  2.20500 -1.13033  0.29615 -1.15197  0.07784
  2.21000 -1.12878  0.32366 -1.15152  0.10590
  2.21500 -1.12710  0.35115 -1.15092  0.13398
  2.22000 -1.12527  0.37862 -1.15018  0.16206
  2.22500 -1.12331  0.40607 -1.14930  0.19014
  2.23000 -1.12121  0.43349 -1.14827  0.21822
  2.23500 -1.11897  0.46088 -1.14711  0.24630
  2.24000 -1.11660  0.48823 -1.14581  0.27438
  2.24500 -1.11409  0.51556 -1.14437  0.30244
  2.25000 -1.11145  0.54284 -1.14279  0.33050
  2.25500 -1.10866  0.57007 -1.14106  0.35853
  2.26000 -1.10575  0.59727 -1.13920  0.38654
  2.26500 -1.10269  0.62441 -1.13720  0.41453
  2.27000 -1.09950  0.65149 -1.13506  0.44250
  2.27500 -1.09618  0.67852 -1.13277  0.47043
  2.28000 -1.09272  0.70549 -1.13035  0.49833
  2.28500 -1.08912  0.73240 -1.12779  0.52619
  2.29000 -1.08539  0.75924 -1.12509  0.55401
  2.29501 -1.08153  0.78601 -1.12225  0.58178
  2.30001 -1.07753  0.81271 -1.11927  0.60951
  2.30501 -1.07340  0.83933 -1.11616  0.63718
  2.31001 -1.06914  0.86587 -1.11290  0.66481
  2.31501 -1.06474  0.89232 -1.10951  0.69237
  2.32001 -1.06022  0.91869 -1.10598  0.71987
  2.32501 -1.05556  0.94497 -1.10231  0.74731
  2.33001 -1.05077  0.97116 -1.09850  0.77467
  2.33501 -1.04585  0.99725 -1.09456  0.80197
  2.34001 -1.04079  1.02324 -1.09048  0.82919
  2.34501 -1.03561  1.04913 -1.08627  0.85633
  2.35001 -1.03030  1.07491 -1.08192  0.88339
  2.35501 -1.02486  1.10058 -1.07744  0.91037
  2.36001 -1.01930  1.12614 -1.07282  0.93725
  2.36501 -1.01360  1.15158 -1.06806  0.96404
  2.37001 -1.00778  1.17691 -1.06318  0.99074
  2.37501 -1.00183  1.20211 -1.05816  1.01734
  2.38001 -0.99576  1.22719 -1.05300  1.04384
  2.38501 -0.98956  1.25213 -1.04772  1.07023
  2.39001 -0.98324  1.27695 -1.04230  1.09651
  2.39501 -0.97679  1.30163 -1.03675  1.12268
  2.40001 -0.97022  1.32618 -1.03107  1.14874
  2.40501 -0.96353  1.35058 -1.02527  1.17467
  2.41001 -0.95672  1.37484 -1.01933  1.20049
  2.41501 -0.94978  1.39896 -1.01326  1.22618
  2.42001 -0.94273  1.42292 -1.00707  1.25174
  2.42501 -0.93555  1.44673 -1.00074  1.27717
  2.43001 -0.92826  1.47038 -0.99429  1.30246
  2.43501 -0.92085  1.49388 -0.98772  1.32762
  2.44001 -0.91332  1.51721 -0.98102  1.35263
  2.44501 -0.90568  1.54038 -0.97419  1.37750
  2.45001 -0.89792  1.56338 -0.96724  1.40223
  2.45501 -0.89004  1.58621 -0.96017  1.42680
  2.46001 -0.88205  1.60886 -0.95297  1.45122
  2.46501 -0.87395  1.63134 -0.94566  1.47548
  2.47001 -0.86574  1.65364 -0.93822  1.49958
  2.47501 -0.85742  1.67575 -0.93066  1.52352
  2.48001 -0.84898  1.69769 -0.92298  1.54729
  2.48501 -0.84044  1.71943 -0.91519  1.57089
  2.49001 -0.83179  1.74098 -0.90728  1.59432
  2.49501 -0.82303  1.76234 -0.89925  1.61758
  2.50001 -0.81417  1.78350 -0.89110  1.64065
  2.50501 -0.80520  1.80447 -0.88284  1.66355
  2.51001 -0.79612  1.82523 -0.87446  1.68626
  2.51501 -0.78694  1.84579 -0.86598  1.70879
  2.52001 -0.77766  1.86614 -0.85738  1.73112
  2.52501 -0.76828  1.88628 -0.84867  1.75327
  2.53001 -0.75880  1.90621 -0.83984  1.77521
  2.53501 -0.74922  1.92592 -0.83091  1.79696
  2.54001 -0.73954  1.94542 -0.82187  1.81851
  2.54501 -0.72977  1.96470 -0.81273  1.83985
  2.55001 -0.71989  1.98375 -0.80348  1.86099
  2.55501 -0.70993  2.00258 -0.79412  1.88192
  2.56001 -0.69987  2.02118 -0.78466  1.90263
  2.56501 -0.68972  2.03956 -0.77509  1.92313
  2.57001 -0.67947  2.05770 -0.76543  1.94341
  2.57501 -0.66914  2.07560 -0.75566  1.96348
  2.58001 -0.65872  2.09327 -0.74579  1.98331
  2.58501 -0.64821  2.11071 -0.73582  2.00293
  2.59001 -0.63761  2.12789 -0.72576  2.02232
  2.59501 -0.62693  2.14484 -0.71560  2.04147
  2.60001 -0.61616  2.16154 -0.70535  2.06039
  2.60501 -0.60531  2.17799 -0.69500  2.07908
  2.61001 -0.59438  2.19419 -0.68456  2.09753
  2.61501 -0.58337  2.21014 -0.67402  2.11574
  2.62001 -0.57228  2.22583 -0.66340  2.13371
  2.62501 -0.56111  2.24127 -0.65269  2.15143
  2.63001 -0.54987  2.25645 -0.64188  2.16890
  2.63501 -0.53855  2.27137 -0.63100  2.18612
  2.64001 -0.52715  2.28602 -0.62002  2.20310
  2.64501 -0.51569  2.30041 -0.60897  2.21981
  2.65001 -0.50415  2.31454 -0.59782  2.23627
  2.65501 -0.49254  2.32839 -0.58660  2.25248
  2.66001 -0.48087  2.34198 -0.57530  2.26842
  2.66501 -0.46912  2.35529 -0.56392  2.28410
  2.67001 -0.45731  2.36833 -0.55246  2.29951
  2.67501 -0.44544  2.38109 -0.54092  2.31466
  2.68001 -0.43350  2.39358 -0.52931  2.32953
  2.68501 -0.42150  2.40579 -0.51763  2.34414
  2.69001 -0.40944  2.41771 -0.50587  2.35847
  2.69501 -0.39733  2.42935 -0.49404  2.37253
  2.70001 -0.38515  2.44071 -0.48215  2.38631
  2.70501 -0.37292  2.45178 -0.47018  2.39981
  2.71001 -0.36063  2.46257 -0.45815  2.41303
  2.71501 -0.34829  2.47307 -0.44605  2.42597
  2.72001 -0.33590  2.48327 -0.43389  2.43862
  2.72501 -0.32346  2.49319 -0.42166  2.45099
  2.73002 -0.31097  2.50281 -0.40938  2.46306
  2.73502 -0.29843  2.51213 -0.39703  2.47485
  2.74002 -0.28585  2.52117 -0.38463  2.48635
  2.74502 -0.27322  2.52990 -0.37217  2.49756
  2.75002 -0.26055  2.53833 -0.35965  2.50847
  2.75502 -0.24784  2.54647 -0.34708  2.51908
  2.76002 -0.23509  2.55430 -0.33446  2.52940
  2.76502 -0.22229  2.56184 -0.32179  2.53942
  2.77002 -0.20947  2.56907 -0.30907  2.54914
  2.77502 -0.19660  2.57599 -0.29630  2.55856
  2.78002 -0.18371  2.58261 -0.28348  2.56767
  2.78502 -0.17078  2.58893 -0.27062  2.57648
  2.79002 -0.15782  2.59493 -0.25772  2.58498
  2.79502 -0.14483  2.60063 -0.24477  2.59318
  2.80002 -0.13181  2.60602 -0.23179  2.60107
  2.80502 -0.11877  2.61110 -0.21876  2.60865
  2.81002 -0.10570  2.61587 -0.20570  2.61591
  2.81502 -0.09261  2.62032 -0.19260  2.62287
  2.82002 -0.07950  2.62447 -0.17947  2.62951
  2.82502 -0.06636  2.62830 -0.16631  2.63584
  2.83002 -0.05321  2.63182 -0.15311  2.64186
  2.83502 -0.04005  2.63502 -0.13989  2.64756
  2.84002 -0.02686  2.63791 -0.12664  2.65294
  2.84502 -0.01367  2.64048 -0.11336  2.65801
  2.85002 -0.00046  2.64274 -0.10006  2.66276
  2.85502  0.01276  2.64468 -0.08673  2.66719
  2.86002  0.02599  2.64630 -0.07339  2.67130
  2.86502  0.03922  2.64761 -0.06002  2.67508
  2.87002  0.05246  2.64860 -0.04663  2.67855
  2.87502  0.06571  2.64926 -0.03323  2.68170
  2.88002  0.07896  2.64962 -0.01982  2.68452
  2.88502  0.09220  2.64965 -0.00639  2.68702
  2.89002  0.10545  2.64936  0.00705  2.68919
  2.89502  0.11870  2.64876  0.02050  2.69105
  2.90002  0.13194  2.64783  0.03396  2.69257
  2.90502  0.14518  2.64659  0.04743  2.69378
  2.91002  0.15841  2.64502  0.06090  2.69465
  2.91502  0.17163  2.64314  0.07438  2.69520
  2.92002  0.18484  2.64094  0.08785  2.69543
  2.92502  0.19804  2.63841  0.10133  2.69533
  2.93002  0.21122  2.63557  0.11481  2.69490
  2.93502  0.22439  2.63241  0.12828  2.69415
  2.94002  0.23755  2.62893  0.14175  2.69307
  2.94502  0.25068  2.62513  0.15521  2.69166
  2.95002  0.26380  2.62102  0.16866  2.68992
  2.95502  0.27689  2.61658  0.18211  2.68786
  2.96002  0.28996  2.61183  0.19554  2.68547
  2.96502  0.30301  2.60676  0.20896  2.68276
  2.97002  0.31603  2.60137  0.22237  2.67972
  2.97502  0.32902  2.59566  0.23576  2.67635
  2.98002  0.34199  2.58964  0.24913  2.67265
  2.98502  0.35492  2.58331  0.26249  2.66863
  2.99002  0.36782  2.57665  0.27582  2.66429
  2.99502  0.38069  2.56969  0.28913  2.65962
  3.00002  0.39352  2.56241  0.30242  2.65462
  3.00502  0.40631  2.55481  0.31568  2.64930
  3.01002  0.41907  2.54691  0.32891  2.64365
  3.01502  0.43178  2.53869  0.34211  2.63768
  3.02002  0.44445  2.53016  0.35529  2.63138
  3.02502  0.45708  2.52132  0.36843  2.62477
  3.03002  0.46967  2.51217  0.38153  2.61783
  3.03502  0.48220  2.50271  0.39460  2.61057
  3.04002  0.49469  2.49294  0.40764  2.60298
  3.04502  0.50713  2.48287  0.42063  2.59508
  3.05002  0.51952  2.47249  0.43359  2.58686
  3.05502  0.53186  2.46181  0.44650  2.57832
  3.06002  0.54414  2.45083  0.45937  2.56946
  3.06502  0.55637  2.43954  0.47220  2.56028
  3.07002  0.56853  2.42795  0.48498  2.55079
  3.07502  0.58065  2.41606  0.49771  2.54098
  3.08002  0.59270  2.40387  0.51039  2.53086
  3.08502  0.60468  2.39139  0.52301  2.52043
  3.09002  0.61661  2.37861  0.53559  2.50968
  3.09502  0.62847  2.36553  0.54811  2.49862
  3.10002  0.64026  2.35216  0.56058  2.48725
  3.10502  0.65199  2.33850  0.57298  2.47557
  3.11002  0.66365  2.32455  0.58533  2.46359
  3.11502  0.67524  2.31031  0.59762  2.45130
  3.12002  0.68675  2.29578  0.60984  2.43870
  3.12502  0.69819  2.28097  0.62201  2.42580
  3.13002  0.70956  2.26587  0.63410  2.41260
  3.13502  0.72085  2.25049  0.64613  2.39909
  3.14002  0.73207  2.23482  0.65809  2.38529
  3.14502  0.74320  2.21888  0.66999  2.37119
  3.15002  0.75426  2.20266  0.68181  2.35679
  3.15502  0.76523  2.18617  0.69355  2.34210
  3.16002  0.77612  2.16940  0.70523  2.32711
  3.16502  0.78692  2.15236  0.71682  2.31183
  3.17003  0.79764  2.13505  0.72835  2.29626
  3.17503  0.80827  2.11747  0.73979  2.28041
  3.18003  0.81882  2.09962  0.75115  2.26426
  3.18503  0.82927  2.08151  0.76243  2.24783
  3.19003  0.83963  2.06314  0.77363  2.23112
  3.19503  0.84990  2.04451  0.78474  2.21413
  3.20003  0.86008  2.02562  0.79577  2.19686
  3.20503  0.87016  2.00647  0.80671  2.17931
  3.21003  0.88014  1.98707  0.81756  2.16148
  3.21503  0.89003  1.96742  0.82832  2.14338
  3.22003  0.89982  1.94752  0.83900  2.12501
  3.22503  0.90950  1.92737  0.84957  2.10637
  3.23003  0.91909  1.90697  0.86006  2.08746
  3.23503  0.92857  1.88633  0.87045  2.06829
  3.24003  0.93795  1.86545  0.88074  2.04885
  3.24503  0.94723  1.84434  0.89094  2.02916
  3.25003  0.95640  1.82299  0.90103  2.00920
  3.25503  0.96546  1.80140  0.91103  1.98899
  3.26003  0.97441  1.77959  0.92092  1.96852
  3.26503  0.98325  1.75754  0.93071  1.94780
  3.27003  0.99198  1.73527  0.94040  1.92683
  3.27503  1.00061  1.71278  0.94998  1.90562
  3.28003  1.00911  1.69006  0.95946  1.88416
  3.28503  1.01751  1.66713  0.96882  1.86245
  3.29003  1.02578  1.64398  0.97808  1.84051
  3.29503  1.03395  1.62062  0.98723  1.81833
  3.30003  1.04199  1.59705  0.99627  1.79592
  3.30503  1.04992  1.57328  1.00519  1.77327
  3.31003  1.05772  1.54929  1.01400  1.75039
  3.31503  1.06541  1.52511  1.02269  1.72729
  3.32003  1.07297  1.50072  1.03127  1.70396
  3.32503  1.08042  1.47614  1.03973  1.68041
  3.33003  1.08774  1.45137  1.04808  1.65664
  3.33503  1.09493  1.42641  1.05630  1.63265
  3.34003  1.10200  1.40125  1.06440  1.60846
  3.34503  1.10894  1.37592  1.07238  1.58405
  3.35003  1.11576  1.35040  1.08024  1.55943
  3.35503  1.12245  1.32470  1.08798  1.53461
  3.36003  1.12901  1.29883  1.09559  1.50958
  3.36503  1.13543  1.27278  1.10307  1.48436
  3.37003  1.14173  1.24657  1.11043  1.45894
  3.37503  1.14790  1.22018  1.11766  1.43332
  3.38003  1.15394  1.19364  1.12477  1.40752
  3.38503  1.15984  1.16693  1.13174  1.38153
  3.39003  1.16560  1.14006  1.13858  1.35535
  3.39503  1.17124  1.11304  1.14529  1.32899
  3.40003  1.17673  1.08587  1.15187  1.30246
  3.40503  1.18210  1.05855  1.15832  1.27575
  3.41003  1.18732  1.03109  1.16463  1.24886
  3.41503  1.19241  1.00348  1.17080  1.22181
  3.42003  1.19736  0.97574  1.17685  1.19459
  3.42503  1.20216  0.94786  1.18275  1.16721
  3.43003  1.20683  0.91985  1.18852  1.13967
  3.43503  1.21136  0.89171  1.19415  1.11198
  3.44003  1.21575  0.86344  1.19964  1.08413
  3.44503  1.22000  0.83506  1.20499  1.05613
  3.45003  1.22410  0.80655  1.21020  1.02799
  3.45503  1.22806  0.77793  1.21527  0.99970
  3.46003  1.23188  0.74920  1.22020  0.97127
  3.46503  1.23555  0.72036  1.22498  0.94271
  3.47003  1.23908  0.69141  1.22962  0.91401
  3.47503  1.24247  0.66236  1.23412  0.88519
  3.48003  1.24571  0.63321  1.23847  0.85624
  3.48503  1.24880  0.60397  1.24268  0.82716
  3.49003  1.25175  0.57464  1.24675  0.79797
  3.49503  1.25455  0.54522  1.25066  0.76866
  3.50003  1.25720  0.51572  1.25443  0.73924
  3.50503  1.25970  0.48613  1.25806  0.70971
  3.51003  1.26206  0.45647  1.26153  0.68007
  3.51503  1.26427  0.42673  1.26486  0.65033
  3.52003  1.26633  0.39692  1.26803  0.62050
  3.52503  1.26824  0.36705  1.27106  0.59057
  3.53003  1.27000  0.33711  1.27394  0.56054
  3.53503  1.27161  0.30711  1.27667  0.53043
  3.54003  1.27307  0.27706  1.27924  0.50024
  3.54503  1.27438  0.24695  1.28167  0.46997
  3.55003  1.27554  0.21680  1.28394  0.43962
  3.55503  1.27655  0.18660  1.28607  0.40919
  3.56003  1.27741  0.15636  1.28804  0.37870
  3.56503  1.27811  0.12608  1.28985  0.34814
  3.57003  1.27867  0.09576  1.29152  0.31752
  3.57503  1.27907  0.06542  1.29303  0.28684
  3.58003  1.27932  0.03505  1.29438  0.25610
  3.58503  1.27942  0.00465  1.29559  0.22532
  3.59003  1.27937 -0.02577  1.29664  0.19448
  3.59503  1.27916 -0.05620  1.29753  0.16360
  3.60003  1.27881 -0.08664  1.29827  0.13269
  3.60504  1.27830 -0.11710  1.29886  0.10173
  3.61004  1.27763 -0.14756  1.29929  0.07074
  3.61504  1.27682 -0.17802  1.29957  0.03973
  3.62004  1.27585 -0.20848  1.29969  0.00869
  3.62504  1.27474 -0.23893  1.29965 -0.02238
  3.63004  1.27346 -0.26937  1.29946 -0.05346
  3.63504  1.27204 -0.29980  1.29912 -0.08455
  3.64004  1.27047 -0.33022  1.29862 -0.11566
  3.64504  1.26874 -0.36061  1.29796 -0.14677
  3.65004  1.26686 -0.39098  1.29715 -0.17788
  3.65504  1.26483 -0.42133  1.29618 -0.20899
  3.66004  1.26265 -0.45164  1.29506 -0.24010
  3.66504  1.26031 -0.48191  1.29378 -0.27120
  3.67004  1.25783 -0.51215  1.29235 -0.30229
  3.67504  1.25519 -0.54235  1.29076 -0.33336
  3.68004  1.25240 -0.57250  1.28902 -0.36442
  3.68504  1.24947 -0.60260  1.28712 -0.39544
  3.69004  1.24638 -0.63264  1.28506 -0.42644
  3.69504  1.24314 -0.66263  1.28285 -0.45741
  3.70004  1.23975 -0.69256  1.28049 -0.48835
  3.70504  1.23621 -0.72243  1.27797 -0.51925
  3.71004  1.23253 -0.75223  1.27530 -0.55010
  3.71504  1.22869 -0.78195  1.27247 -0.58091
  3.72004  1.22471 -0.81161  1.26949 -0.61167
  3.72504  1.22058 -0.84118  1.26635 -0.64237
  3.73004  1.21630 -0.87067  1.26306 -0.67302
  3.73504  1.21187 -0.90007  1.25962 -0.70361
  3.74004  1.20730 -0.92939  1.25603 -0.73413
  3.74504  1.20258 -0.95861  1.25228 -0.76458
  3.75004  1.19771 -0.98774  1.24838 -0.79496
  3.75504  1.19270 -1.01677  1.24433 -0.82527
  3.76004  1.18754 -1.04569  1.24013 -0.85549
  3.76504  1.18224 -1.07450  1.23577 -0.88564
  3.77004  1.17680 -1.10321  1.23127 -0.91569
  3.77504  1.17121 -1.13180  1.22662 -0.94566
  3.78004  1.16548 -1.16027  1.22181 -0.97553
  3.78504  1.15961 -1.18863  1.21686 -1.00530
  3.79004  1.15359 -1.21685  1.21176 -1.03497
  3.79504  1.14744 -1.24495  1.20651 -1.06453
  3.80004  1.14114 -1.27292  1.20112 -1.09399
  3.80504  1.13471 -1.30075  1.19557 -1.12333
  3.81004  1.12814 -1.32845  1.18988 -1.15256
  3.81504  1.12142 -1.35600  1.18405 -1.18167
  3.82004  1.11458 -1.38341  1.17807 -1.21065
  3.82504  1.10759 -1.41067  1.17194 -1.23951
  3.83004  1.10047 -1.43778  1.16567 -1.26824
  3.83504  1.09321 -1.46473  1.15926 -1.29683
  3.84004  1.08582 -1.49152  1.15270 -1.32529
  3.84504  1.07830 -1.51816  1.14601 -1.35360
  3.85004  1.07064 -1.54462  1.13917 -1.38177
  3.85504  1.06285 -1.57092  1.13219 -1.40979
  3.86004  1.05493 -1.59705  1.12507 -1.43766
  3.86504  1.04688 -1.62300  1.11781 -1.46538
  3.87004  1.03870 -1.64877  1.11042 -1.49294
  3.87504  1.03039 -1.67437  1.10288 -1.52033
  3.88004  1.02196 -1.69978  1.09521 -1.54756
  3.88504  1.01340 -1.72500  1.08741 -1.57462
  3.89004  1.00471 -1.75003  1.07947 -1.60151
  3.89504  0.99590 -1.77486  1.07139 -1.62823
  3.90004  0.98696 -1.79950  1.06318 -1.65476
  3.90504  0.97790 -1.82394  1.05484 -1.68112
  3.91004  0.96872 -1.84818  1.04637 -1.70729
  3.91504  0.95942 -1.87221  1.03777 -1.73327
  3.92004  0.95000 -1.89603  1.02904 -1.75906
  3.92504  0.94046 -1.91964  1.02018 -1.78465
  3.93004  0.93080 -1.94303  1.01119 -1.81005
  3.93504  0.92103 -1.96621  1.00208 -1.83524
  3.94004  0.91114 -1.98916  0.99284 -1.86023
  3.94504  0.90114 -2.01190  0.98348 -1.88501
  3.95004  0.89102 -2.03440  0.97399 -1.90958
  3.95504  0.88079 -2.05668  0.96438 -1.93394
  3.96004  0.87045 -2.07872  0.95465 -1.95808
  3.96504  0.86000 -2.10053  0.94480 -1.98201
  3.97004  0.84945 -2.12210  0.93483 -2.00570
  3.97504  0.83878 -2.14343  0.92474 -2.02918
  3.98004  0.82801 -2.16452  0.91454 -2.05242
  3.98504  0.81714 -2.18536  0.90422 -2.07543
  3.99004  0.80616 -2.20596  0.89379 -2.09821
  3.99504  0.79508 -2.22630  0.88324 -2.12075
  4.00004  0.78390 -2.24639  0.87258 -2.14305
  4.00504  0.77262 -2.26622  0.86181 -2.16511
  4.01004  0.76123 -2.28580  0.85093 -2.18692
  4.01504  0.74976 -2.30511  0.83994 -2.20848
  4.02004  0.73818 -2.32416  0.82884 -2.22979
  4.02504  0.72652 -2.34295  0.81764 -2.25085
  4.03004  0.71475 -2.36146  0.80633 -2.27165
  4.03504  0.70290 -2.37971  0.79492 -2.29219
  4.04004  0.69096 -2.39768  0.78341 -2.31247
  4.04504  0.67892 -2.41537  0.77180 -2.33248
  4.05005  0.66680 -2.43279  0.76009 -2.35223
  4.05505  0.65460 -2.44993  0.74828 -2.37170
  4.06005  0.64230 -2.46679  0.73637 -2.39091
  4.06505  0.62993 -2.48336  0.72437 -2.40984
  4.07005  0.61747 -2.49965  0.71227 -2.42849
  4.07505  0.60493 -2.51565  0.70008 -2.44686
  4.08005  0.59231 -2.53136  0.68780 -2.46495
  4.08505  0.57962 -2.54677  0.67543 -2.48276
  4.09005  0.56685 -2.56189  0.66298 -2.50028
  4.09505  0.55400 -2.57671  0.65043 -2.51751
  4.10005  0.54108 -2.59124  0.63780 -2.53445
  4.10505  0.52809 -2.60546  0.62509 -2.55109
  4.11005  0.51502 -2.61939  0.61229 -2.56744
  4.11505  0.50189 -2.63301  0.59941 -2.58350
  4.12005  0.48869 -2.64632  0.58645 -2.59925
  4.12505  0.47543 -2.65932  0.57342 -2.61470
  4.13005  0.46210 -2.67202  0.56031 -2.62985
  4.13505  0.44871 -2.68440  0.54712 -2.64469
  4.14005  0.43526 -2.69648  0.53386 -2.65923
  4.14505  0.42175 -2.70823  0.52053 -2.67345
  4.15005  0.40817 -2.71967  0.50713 -2.68737
  4.15505  0.39455 -2.73080  0.49365 -2.70097
  4.16005  0.38087 -2.74160  0.48012 -2.71425
  4.16505  0.36713 -2.75209  0.46651 -2.72722
  4.17005  0.35335 -2.76225  0.45284 -2.73987
  4.17505  0.33951 -2.77209  0.43911 -2.75220
  4.18005  0.32563 -2.78161  0.42532 -2.76421
  4.18505  0.31169 -2.79080  0.41147 -2.77589
  4.19005  0.29772 -2.79966  0.39756 -2.78725
  4.19505  0.28370 -2.80819  0.38360 -2.79828
  4.20005  0.26964 -2.81640  0.36958 -2.80898
  4.20505  0.25553 -2.82427  0.35551 -2.81935
  4.21005  0.24139 -2.83182  0.34139 -2.82940
  4.21505  0.22721 -2.83902  0.32721 -2.83910
  4.22005  0.21300 -2.84590  0.31300 -2.84848
  4.22505  0.19876 -2.85244  0.29873 -2.85752
  4.23005  0.18448 -2.85864  0.28442 -2.86622
  4.23505  0.17017 -2.86451  0.27007 -2.87459
  4.24005  0.15583 -2.87004  0.25567 -2.88262
  4.24505  0.14147 -2.87523  0.24124 -2.89030
  4.25005  0.12708 -2.88009  0.22677 -2.89765
  4.25505  0.11267 -2.88460  0.21227 -2.90465
  4.26005  0.09823 -2.88877  0.19772 -2.91131
  4.26505  0.08378 -2.89260  0.18315 -2.91763
  4.27005  0.06931 -2.89609  0.16855 -2.92360
  4.27505  0.05482 -2.89923  0.15392 -2.92922
  4.28005  0.04032 -2.90203  0.13926 -2.93450
  4.28505  0.02580 -2.90449  0.12457 -2.93943
  4.29005  0.01127 -2.90661  0.10986 -2.94401
  4.29505 -0.00327 -2.90838  0.09513 -2.94824
  4.30005 -0.01781 -2.90980  0.08038 -2.95213
  4.30505 -0.03236 -2.91088  0.06561 -2.95566
  4.31005 -0.04692 -2.91161  0.05082 -2.95884
  4.31505 -0.06148 -2.91200  0.03602 -2.96166
  4.32005 -0.07604 -2.91204  0.02121 -2.96414
  4.32505 -0.09060 -2.91174  0.00638 -2.96626
  4.33005 -0.10516 -2.91109 -0.00846 -2.96803
  4.33505 -0.11971 -2.91009 -0.02330 -2.96945
  4.34005 -0.13426 -2.90874 -0.03815 -2.97051
  4.34505 -0.14880 -2.90705 -0.05301 -2.97122
  4.35005 -0.16333 -2.90501 -0.06786 -2.97157
  4.35505 -0.17785 -2.90263 -0.08272 -2.97157
  4.36005 -0.19236 -2.89990 -0.09758 -2.97121
  4.36505 -0.20685 -2.89682 -0.11243 -2.97050
  4.37005 -0.22132 -2.89340 -0.12728 -2.96943
  4.37505 -0.23578 -2.88963 -0.14213 -2.96801
  4.38005 -0.25022 -2.88551 -0.15696 -2.96623
  4.38505 -0.26464 -2.88105 -0.17179 -2.96409
  4.39005 -0.27903 -2.87625 -0.18660 -2.96160
  4.39505 -0.29340 -2.87110 -0.20141 -2.95876
  4.40005 -0.30774 -2.86560 -0.21619 -2.95556
  4.40505 -0.32206 -2.85976 -0.23096 -2.95201
  4.41005 -0.33634 -2.85358 -0.24571 -2.94810
  4.41505 -0.35059 -2.84706 -0.26044 -2.94383
  4.42005 -0.36481 -2.84020 -0.27515 -2.93922
  4.42505 -0.37899 -2.83299 -0.28983 -2.93425
  4.43005 -0.39314 -2.82544 -0.30449 -2.92892
  4.43505 -0.40725 -2.81756 -0.31912 -2.92325
  4.44005 -0.42132 -2.80933 -0.33373 -2.91722
  4.44505 -0.43534 -2.80077 -0.34830 -2.91084
  4.45005 -0.44932 -2.79187 -0.36283 -2.90410
