  0.00000  0.10000  0.00000  0.00000  0.00000
  0.01000  0.09998 -0.00500  0.00000 -0.00000
  0.02000  0.09990 -0.01000 -0.00000 -0.00000
  0.03000  0.09978 -0.01499 -0.00000 -0.00000
  0.04000  0.09960 -0.01998 -0.00000 -0.00000
  0.05000  0.09938 -0.02495 -0.00000 -0.00000
  0.06000  0.09910 -0.02991 -0.00000 -0.00000
  0.07000  0.09878 -0.03486 -0.00000 -0.00000
  0.08000  0.09840 -0.03979 -0.00000 -0.00000
  0.09000  0.09798 -0.04470 -0.00000 -0.00000
  0.10000  0.09751 -0.04959 -0.00000 -0.00000
  0.11000  0.09699 -0.05445 -0.00000 -0.00000
  0.12000  0.09642 -0.05929 -0.00000 -0.00000
  0.13000  0.09580 -0.06409 -0.00000 -0.00001
  0.14000  0.09514 -0.06887 -0.00000 -0.00001
  0.15000  0.09443 -0.07361 -0.00000 -0.00001
  0.16000  0.09367 -0.07831 -0.00000 -0.00001
  0.17000  0.09286 -0.08297 -0.00000 -0.00001
  0.18000  0.09201 -0.08760 -0.00000 -0.00001
  0.19000  0.09111 -0.09218 -0.00000 -0.00001
  0.20000  0.09016 -0.09671 -0.00000 -0.00001
  0.21000  0.08917 -0.10119 -0.00000 -0.00001
  0.22000  0.08814 -0.10562 -0.00000 -0.00001
  0.23000  0.08706 -0.11001 -0.00000 -0.00001
  0.24000  0.08594 -0.11433 -0.00000 -0.00001
  0.25000  0.08478 -0.11860 -0.00000 -0.00001
  0.26000  0.08357 -0.12281 -0.00000 -0.00001
  0.27000  0.08232 -0.12696 -0.00000 -0.00001
  0.28000  0.08103 -0.13104 -0.00000 -0.00001
  0.29000  0.07970 -0.13506 -0.00000 -0.00001
  0.30000  0.07833 -0.13901 -0.00000 -0.00001
  0.31000  0.07692 -0.14289 -0.00000 -0.00001
  0.32000  0.07547 -0.14670 -0.00000 -0.00001
  0.33000  0.07398 -0.15044 -0.00000 -0.00001
  0.34000  0.07246 -0.15410 -0.00000 -0.00001
  0.35000  0.07090 -0.15769 -0.00000 -0.00001
  0.36000  0.06931 -0.16119 -0.00000 -0.00001
  0.37000  0.06768 -0.16462 -0.00001 -0.00001
  0.38000  0.06602 -0.16796 -0.00001 -0.00001
  0.39000  0.06432 -0.17122 -0.00001 -0.00001
  0.40000  0.06259 -0.17439 -0.00001 -0.00001
  0.41000  0.06083 -0.17748 -0.00001 -0.00001
  0.42000  0.05904 -0.18047 -0.00001 -0.00001
  0.43000  0.05722 -0.18338 -0.00001 -0.00001
  0.44000  0.05537 -0.18620 -0.00001 -0.00001
  0.45000  0.05350 -0.18892 -0.00001 -0.00001
  0.46000  0.05160 -0.19155 -0.00001 -0.00001
  0.47000  0.04967 -0.19408 -0.00001 -0.00001
  0.48000  0.04771 -0.19651 -0.00001 -0.00001
  0.49000  0.04574 -0.19885 -0.00001 -0.00001
  0.50000  0.04374 -0.20109 -0.00001 -0.00001
  0.51000  0.04172 -0.20322 -0.00001 -0.00001
  0.52000  0.03967 -0.20526 -0.00001 -0.00001
  0.53000  0.03761 -0.20719 -0.00001 -0.00001
  0.54000  0.03553 -0.20902 -0.00001 -0.00001
  0.55000  0.03343 -0.21074 -0.00001 -0.00001
  0.56000  0.03131 -0.21236 -0.00001 -0.00001
  0.57000  0.02918 -0.21387 -0.00001 -0.00001
  0.58000  0.02704 -0.21528 -0.00001 -0.00001
  0.59000  0.02488 -0.21658 -0.00001 -0.00001
  0.60000  0.02270 -0.21777 -0.00001 -0.00001
  0.61000  0.02052 -0.21885 -0.00001 -0.00001
  0.62000  0.01833 -0.21982 -0.00001 -0.00001
  0.63000  0.01612 -0.22068 -0.00001 -0.00000
  0.64000  0.01391 -0.22143 -0.00001 -0.00000
  0.65000  0.01170 -0.22207 -0.00001 -0.00000
  0.66000  0.00947 -0.22260 -0.00001 -0.00000
  0.67000  0.00724 -0.22302 -0.00001 -0.00000
  0.68000  0.00501 -0.22333 -0.00001 -0.00000
  0.69000  0.00278 -0.22352 -0.00001 -0.00000
  0.70000  0.00054 -0.22360 -0.00001 -0.00000
  0.71000 -0.00169 -0.22358 -0.00001 -0.00000
  0.72000 -0.00393 -0.22343 -0.00001  0.00000
  0.73000 -0.00616 -0.22318 -0.00001  0.00000
  0.74000 -0.00839 -0.22282 -0.00001  0.00000
  0.75000 -0.01062 -0.22234 -0.00001  0.00000
  0.76000 -0.01284 -0.22176 -0.00001  0.00000
  0.77000 -0.01505 -0.22106 -0.00001  0.00000
  0.78000 -0.01726 -0.22025 -0.00001  0.00001
  0.79000 -0.01946 -0.21933 -0.00001  0.00001
  0.80000 -0.02165 -0.21831 -0.00001  0.00001
  0.81000 -0.02383 -0.21717 -0.00001  0.00001
  0.82000 -0.02599 -0.21592 -0.00001  0.00001
  0.83000 -0.02814 -0.21457 -0.00002  0.00001
  0.84000 -0.03028 -0.21311 -0.00002  0.00001
  0.85000 -0.03241 -0.21154 -0.00002  0.00001
  0.86000 -0.03451 -0.20987 -0.00002  0.00001
  0.87000 -0.03660 -0.20809 -0.00002  0.00001
  0.88000 -0.03868 -0.20621 -0.00002  0.00001
  0.89000 -0.04073 -0.20422 -0.00002  0.00001
  0.90000 -0.04276 -0.20213 -0.00002  0.00002
  0.91000 -0.04477 -0.19995 -0.00002  0.00002
  0.92000 -0.04676 -0.19766 -0.00002  0.00002
  0.93000 -0.04872 -0.19527 -0.00002  0.00002
  0.94000 -0.05066 -0.19279 -0.00002  0.00002
  0.95000 -0.05258 -0.19020 -0.00002  0.00002
  0.96000 -0.05447 -0.18753 -0.00002  0.00002
  0.97000 -0.05633 -0.18476 -0.00002  0.00002
  0.98000 -0.05816 -0.18189 -0.00002  0.00002
  0.99000 -0.05997 -0.17894 -0.00002  0.00002
  1.00000 -0.06174 -0.17590 -0.00001  0.00003
  1.01000 -0.06349 -0.17277 -0.00001  0.00003
  1.02000 -0.06520 -0.16955 -0.00001  0.00003
  1.03000 -0.06688 -0.16625 -0.00001  0.00003
  1.04000 -0.06852 -0.16286 -0.00001  0.00003
  1.05000 -0.07013 -0.15939 -0.00001  0.00003
  1.06000 -0.07171 -0.15585 -0.00001  0.00003
  1.07000 -0.07325 -0.15222 -0.00001  0.00003
  1.08000 -0.07475 -0.14852 -0.00001  0.00003
  1.09000 -0.07622 -0.14475 -0.00001  0.00003
  1.10000 -0.07765 -0.14090 -0.00001  0.00004
  1.11000 -0.07904 -0.13698 -0.00001  0.00004
  1.12000 -0.08039 -0.13300 -0.00001  0.00004
  1.13000 -0.08170 -0.12894 -0.00001  0.00004
  1.14000 -0.08297 -0.12483 -0.00001  0.00004
  1.15000 -0.08420 -0.12065 -0.00001  0.00004
  1.16000 -0.08538 -0.11641 -0.00001  0.00004
  1.17000 -0.08652 -0.11211 -0.00001  0.00004
  1.18000 -0.08762 -0.10775 -0.00001  0.00004
  1.19000 -0.08868 -0.10335 -0.00001  0.00004
  1.20000 -0.08969 -0.09889 -0.00001  0.00004
  1.21000 -0.09066 -0.09438 -0.00001  0.00005
  1.22000 -0.09158 -0.08982 -0.00001  0.00005
  1.23000 -0.09245 -0.08522 -0.00001  0.00005
  1.24000 -0.09328 -0.08058 -0.00001  0.00005
  1.25000 -0.09406 -0.07589 -0.00001  0.00005
  1.26000 -0.09480 -0.07117 -0.00001  0.00005
  1.27000 -0.09549 -0.06641 -0.00001  0.00005
  1.28000 -0.09613 -0.06162 -0.00001  0.00005
  1.29000 -0.09672 -0.05680 -0.00001  0.00005
  1.30000 -0.09726 -0.05195 -0.00001  0.00005
  1.31000 -0.09776 -0.04707 -0.00001  0.00005
  1.32000 -0.09821 -0.04217 -0.00001  0.00005
  1.33000 -0.09860 -0.03725 -0.00000  0.00005
  1.34000 -0.09895 -0.03231 -0.00000  0.00006
  1.35000 -0.09925 -0.02736 -0.00000  0.00006
  1.36000 -0.09950 -0.02239 -0.00000  0.00006
  1.37000 -0.09970 -0.01741 -0.00000  0.00006
  1.38000 -0.09985 -0.01242 -0.00000  0.00006
  1.39000 -0.09995 -0.00742 -0.00000  0.00006
  1.40000 -0.09999 -0.00242 -0.00000  0.00006
  1.41000 -0.09999  0.00258 -0.00000  0.00006
  1.42000 -0.09994  0.00758  0.00000  0.00006
  1.43000 -0.09984  0.01257  0.00000  0.00006
  1.44000 -0.09969  0.01756  0.00000  0.00006
  1.45000 -0.09949  0.02254  0.00000  0.00006
  1.46000 -0.09924  0.02751  0.00000  0.00006
  1.47000 -0.09894  0.03246  0.00000  0.00006
  1.48000 -0.09859  0.03740  0.00000  0.00006
  1.49000 -0.09819  0.04232  0.00000  0.00006
  1.50000 -0.09775  0.04722  0.00001  0.00006
  1.51000 -0.09725  0.05210  0.00001  0.00006
  1.52000 -0.09670  0.05695  0.00001  0.00006
  1.53000 -0.09611  0.06177  0.00001  0.00006
  1.54000 -0.09547  0.06656  0.00001  0.00006
  1.55000 -0.09478  0.07132  0.00001  0.00006
  1.56000 -0.09404  0.07604  0.00001  0.00006
  1.57000 -0.09326  0.08072  0.00001  0.00006
  1.58000 -0.09243  0.08536  0.00001  0.00006
  1.59000 -0.09155  0.08996  0.00001  0.00006
  1.60000 -0.09063  0.09452  0.00001  0.00006
  1.61000 -0.08966  0.09903  0.00001  0.00006
  1.62000 -0.08865  0.10348  0.00001  0.00006
  1.63000 -0.08759  0.10789  0.00001  0.00006
  1.64000 -0.08649  0.11224  0.00001  0.00006
  1.65000 -0.08535  0.11654  0.00002  0.00006
  1.66000 -0.08416  0.12078  0.00002  0.00006
  1.67000 -0.08293  0.12495  0.00002  0.00006
  1.68000 -0.08166  0.12907  0.00002  0.00006
  1.69000 -0.08035  0.13312  0.00002  0.00006
  1.70000 -0.07900  0.13710  0.00002  0.00006
  1.71000 -0.07761  0.14102  0.00002  0.00006
  1.72000 -0.07618  0.14487  0.00002  0.00006
  1.73000 -0.07471  0.14864  0.00002  0.00006
  1.74000 -0.07320  0.15234  0.00002  0.00005
  1.75000 -0.07166  0.15596  0.00002  0.00005
  1.76000 -0.07008  0.15950  0.00002  0.00005
  1.77000 -0.06847  0.16297  0.00002  0.00005
  1.78000 -0.06683  0.16635  0.00002  0.00005
  1.79000 -0.06515  0.16965  0.00003  0.00005
  1.80000 -0.06343  0.17286  0.00003  0.00005
  1.81000 -0.06169  0.17599  0.00003  0.00005
  1.82000 -0.05991  0.17903  0.00003  0.00005
  1.83000 -0.05811  0.18198  0.00003  0.00005
  1.84000 -0.05627  0.18484  0.00003  0.00004
  1.85000 -0.05441  0.18761  0.00003  0.00004
  1.86000 -0.05252  0.19029  0.00003  0.00004
  1.87000 -0.05060  0.19286  0.00003  0.00004
  1.88000 -0.04866  0.19535  0.00003  0.00004
  1.89000 -0.04670  0.19773  0.00003  0.00004
  1.90000 -0.04471  0.20002  0.00003  0.00004
  1.91000 -0.04270  0.20220  0.00003  0.00004
  1.92000 -0.04066  0.20429  0.00003  0.00003
  1.93000 -0.03861  0.20627  0.00003  0.00003
  1.94000 -0.03654  0.20815  0.00003  0.00003
  1.95000 -0.03445  0.20992  0.00003  0.00003
  1.96000 -0.03234  0.21159  0.00003  0.00003
  1.97000 -0.03022  0.21316  0.00004  0.00003
  1.98000 -0.02808  0.21461  0.00004  0.00002
  1.99000 -0.02592  0.21596  0.00004  0.00002
  2.00000 -0.02376  0.21721  0.00004  0.00002
  2.01000 -0.02158  0.21834  0.00004  0.00002
  2.02000 -0.01939  0.21936  0.00004  0.00002
  2.03000 -0.01719  0.22028  0.00004  0.00002
  2.04000 -0.01499  0.22108  0.00004  0.00001
  2.05000 -0.01277  0.22178  0.00004  0.00001
  2.06000 -0.01055  0.22236  0.00004  0.00001
  2.07000 -0.00832  0.22283  0.00004  0.00001
  2.08000 -0.00609  0.22319  0.00004  0.00001
  2.09000 -0.00386  0.22344  0.00004  0.00000
  2.10000 -0.00163  0.22358  0.00004  0.00000
  2.11000  0.00061  0.22360  0.00004  0.00000
  2.12000  0.00285  0.22352  0.00004 -0.00000
  2.13000  0.00508  0.22332  0.00004 -0.00000
  2.14000  0.00731  0.22301  0.00004 -0.00000
  2.15000  0.00954  0.22259  0.00004 -0.00001
  2.16000  0.01176  0.22206  0.00004 -0.00001
  2.17000  0.01398  0.22141  0.00004 -0.00001
  2.18000  0.01619  0.22066  0.00004 -0.00001
  2.19000  0.01840  0.21979  0.00004 -0.00002
  2.20000  0.02059  0.21882  0.00004 -0.00002
  2.21000  0.02277  0.21773  0.00004 -0.00002
  2.22000  0.02494  0.21654  0.00004 -0.00002
  2.23000  0.02710  0.21524  0.00004 -0.00002
  2.24000  0.02925  0.21383  0.00004 -0.00003
  2.25000  0.03138  0.21231  0.00004 -0.00003
  2.26000  0.03349  0.21069  0.00004 -0.00003
  2.27000  0.03559  0.20897  0.00004 -0.00003
  2.28000  0.03767  0.20713  0.00004 -0.00003
  2.29000  0.03974  0.20520  0.00004 -0.00004
  2.30000  0.04178  0.20316  0.00004 -0.00004
  2.31000  0.04380  0.20102  0.00004 -0.00004
  2.32000  0.04580  0.19878  0.00004 -0.00004
  2.33000  0.04777  0.19644  0.00004 -0.00005
  2.34000  0.04973  0.19400  0.00004 -0.00005
  2.35000  0.05165  0.19147  0.00004 -0.00005
  2.36000  0.05356  0.18884  0.00004 -0.00005
  2.37000  0.05543  0.18611  0.00004 -0.00005
  2.38000  0.05728  0.18329  0.00004 -0.00006
  2.39000  0.05910  0.18038  0.00004 -0.00006
  2.40000  0.06089  0.17738  0.00004 -0.00006
  2.41000  0.06264  0.17430  0.00004 -0.00006
  2.42000  0.06437  0.17112  0.00004 -0.00006
  2.43000  0.06607  0.16786  0.00003 -0.00007
  2.44000  0.06773  0.16451  0.00003 -0.00007
  2.45000  0.06936  0.16109  0.00003 -0.00007
  2.46000  0.07095  0.15758  0.00003 -0.00007
  2.47000  0.07251  0.15399  0.00003 -0.00007
  2.48000  0.07403  0.15033  0.00003 -0.00008
  2.49000  0.07552  0.14659  0.00003 -0.00008
  2.50000  0.07696  0.14277  0.00003 -0.00008
  2.51000  0.07837  0.13889  0.00003 -0.00008
  2.52000  0.07974  0.13494  0.00003 -0.00008
  2.53000  0.08107  0.13092  0.00003 -0.00009
  2.54000  0.08236  0.12683  0.00003 -0.00009
  2.55000  0.08361  0.12268  0.00003 -0.00009
  2.56000  0.08481  0.11847  0.00003 -0.00009
  2.57000  0.08598  0.11420  0.00003 -0.00009
  2.58000  0.08710  0.10987  0.00002 -0.00009
  2.59000  0.08817  0.10549  0.00002 -0.00010
  2.60000  0.08921  0.10105  0.00002 -0.00010
  2.61000  0.09019  0.09657  0.00002 -0.00010
  2.62000  0.09114  0.09204  0.00002 -0.00010
  2.63000  0.09204  0.08746  0.00002 -0.00010
  2.64000  0.09289  0.08283  0.00002 -0.00010
  2.65000  0.09369  0.07817  0.00002 -0.00010
  2.66000  0.09445  0.07346  0.00002 -0.00010
  2.67000  0.09516  0.06872  0.00002 -0.00011
  2.68000  0.09582  0.06395  0.00002 -0.00011
  2.69000  0.09644  0.05914  0.00001 -0.00011
  2.70000  0.09701  0.05430  0.00001 -0.00011
  2.71000  0.09753  0.04944  0.00001 -0.00011
  2.72000  0.09800  0.04455  0.00001 -0.00011
  2.73000  0.09842  0.03964  0.00001 -0.00011
  2.74000  0.09879  0.03471  0.00001 -0.00011
  2.75000  0.09911  0.02976  0.00001 -0.00011
  2.76000  0.09938  0.02480  0.00001 -0.00011
  2.77000  0.09961  0.01982  0.00001 -0.00012
  2.78000  0.09978  0.01484  0.00000 -0.00012
  2.79000  0.09990  0.00984  0.00000 -0.00012
  2.80000  0.09998  0.00485  0.00000 -0.00012
  2.81000  0.10000 -0.00015  0.00000 -0.00012
  2.82000  0.09997 -0.00515 -0.00000 -0.00012
  2.83000  0.09990 -0.01015 -0.00000 -0.00012
  2.84000  0.09977 -0.01514 -0.00000 -0.00012
  2.85000  0.09959 -0.02013 -0.00000 -0.00012
  2.86000  0.09937 -0.02510 -0.00001 -0.00012
  2.87000  0.09909 -0.03007 -0.00001 -0.00012
  2.88000  0.09877 -0.03501 -0.00001 -0.00012
  2.89000  0.09839 -0.03994 -0.00001 -0.00012
  2.90000  0.09797 -0.04485 -0.00001 -0.00012
  2.91000  0.09750 -0.04974 -0.00001 -0.00012
  2.92000  0.09697 -0.05460 -0.00001 -0.00012
  2.93000  0.09640 -0.05944 -0.00001 -0.00012
  2.94000  0.09579 -0.06424 -0.00001 -0.00012
  2.95000  0.09512 -0.06902 -0.00002 -0.00012
  2.96000  0.09440 -0.07375 -0.00002 -0.00012
  2.97000  0.09364 -0.07846 -0.00002 -0.00012
  2.98000  0.09284 -0.08312 -0.00002 -0.00012
  2.99000  0.09198 -0.08774 -0.00002 -0.00012
  3.00000  0.09108 -0.09232 -0.00002 -0.00012
  3.01000  0.09014 -0.09685 -0.00002 -0.00011
  3.02000  0.08914 -0.10133 -0.00002 -0.00011
  3.03000  0.08811 -0.10576 -0.00003 -0.00011
  3.04000  0.08703 -0.11014 -0.00003 -0.00011
  3.05000  0.08591 -0.11446 -0.00003 -0.00011
  3.06000  0.08474 -0.11873 -0.00003 -0.00011
  3.07000  0.08353 -0.12294 -0.00003 -0.00011
  3.08000  0.08228 -0.12708 -0.00003 -0.00011
  3.09000  0.08099 -0.13117 -0.00003 -0.00011
  3.10000  0.07966 -0.13518 -0.00003 -0.00011
  3.11000  0.07829 -0.13913 -0.00004 -0.00010
  3.12000  0.07687 -0.14301 -0.00004 -0.00010
  3.13000  0.07543 -0.14682 -0.00004 -0.00010
  3.14000  0.07394 -0.15055 -0.00004 -0.00010
  3.15000  0.07241 -0.15421 -0.00004 -0.00010
  3.16000  0.07085 -0.15780 -0.00004 -0.00010
  3.17000  0.06926 -0.16130 -0.00004 -0.00009
  3.18000  0.06763 -0.16472 -0.00004 -0.00009
  3.19000  0.06596 -0.16806 -0.00004 -0.00009
  3.20000  0.06427 -0.17132 -0.00005 -0.00009
  3.21000  0.06254 -0.17449 -0.00005 -0.00009
  3.22000  0.06078 -0.17757 -0.00005 -0.00008
  3.23000  0.05899 -0.18057 -0.00005 -0.00008
  3.24000  0.05717 -0.18347 -0.00005 -0.00008
  3.25000  0.05532 -0.18628 -0.00005 -0.00008
  3.26000  0.05344 -0.18900 -0.00005 -0.00008
  3.27000  0.05154 -0.19163 -0.00005 -0.00007
  3.28000  0.04961 -0.19416 -0.00005 -0.00007
  3.29000  0.04765 -0.19659 -0.00005 -0.00007
  3.30000  0.04568 -0.19892 -0.00005 -0.00007
  3.31000  0.04368 -0.20116 -0.00006 -0.00006
  3.32000  0.04165 -0.20329 -0.00006 -0.00006
  3.33000  0.03961 -0.20532 -0.00006 -0.00006
  3.34000  0.03755 -0.20725 -0.00006 -0.00006
  3.35000  0.03546 -0.20908 -0.00006 -0.00005
  3.36000  0.03336 -0.21080 -0.00006 -0.00005
  3.37000  0.03125 -0.21241 -0.00006 -0.00005
  3.38000  0.02912 -0.21392 -0.00006 -0.00004
  3.39000  0.02697 -0.21532 -0.00006 -0.00004
  3.40000  0.02481 -0.21662 -0.00006 -0.00004
  3.41000  0.02264 -0.21780 -0.00006 -0.00003
  3.42000  0.02045 -0.21888 -0.00006 -0.00003
  3.43000  0.01826 -0.21985 -0.00006 -0.00003
  3.44000  0.01606 -0.22071 -0.00006 -0.00003
  3.45000  0.01385 -0.22146 -0.00006 -0.00002
  3.46000  0.01163 -0.22209 -0.00006 -0.00002
  3.47000  0.00940 -0.22262 -0.00006 -0.00002
  3.48000  0.00718 -0.22303 -0.00007 -0.00001
  3.49000  0.00494 -0.22334 -0.00007 -0.00001
  3.50000  0.00271 -0.22353 -0.00007 -0.00001
  3.51000  0.00047 -0.22361 -0.00007 -0.00000
  3.52000 -0.00176 -0.22357 -0.00007 -0.00000
  3.53000 -0.00400 -0.22343 -0.00007  0.00000
  3.54000 -0.00623 -0.22317 -0.00007  0.00001
  3.55000 -0.00846 -0.22281 -0.00007  0.00001
  3.56000 -0.01069 -0.22233 -0.00007  0.00001
  3.57000 -0.01291 -0.22174 -0.00007  0.00002
  3.58000 -0.01512 -0.22104 -0.00007  0.00002
  3.59000 -0.01733 -0.22023 -0.00007  0.00002
  3.60000 -0.01953 -0.21930 -0.00007  0.00003
  3.61000 -0.02172 -0.21827 -0.00007  0.00003
  3.62000 -0.02389 -0.21713 -0.00007  0.00003
  3.63000 -0.02606 -0.21588 -0.00007  0.00004
  3.64000 -0.02821 -0.21453 -0.00007  0.00004
  3.65000 -0.03035 -0.21306 -0.00007  0.00004
  3.66000 -0.03247 -0.21149 -0.00007  0.00005
  3.67000 -0.03458 -0.20982 -0.00007  0.00005
  3.68000 -0.03667 -0.20803 -0.00006  0.00005
  3.69000 -0.03874 -0.20615 -0.00006  0.00006
  3.70000 -0.04079 -0.20416 -0.00006  0.00006
  3.71000 -0.04282 -0.20207 -0.00006  0.00006
  3.72000 -0.04483 -0.19988 -0.00006  0.00007
  3.73000 -0.04682 -0.19759 -0.00006  0.00007
  3.74000 -0.04878 -0.19520 -0.00006  0.00007
  3.75000 -0.05072 -0.19271 -0.00006  0.00008
  3.76000 -0.05264 -0.19012 -0.00006  0.00008
  3.77000 -0.05453 -0.18744 -0.00006  0.00008
  3.78000 -0.05639 -0.18467 -0.00006  0.00009
  3.79000 -0.05822 -0.18181 -0.00006  0.00009
  3.80000 -0.06002 -0.17885 -0.00006  0.00009
  3.81000 -0.06180 -0.17580 -0.00006  0.00010
  3.82000 -0.06354 -0.17267 -0.00006  0.00010
  3.83000 -0.06525 -0.16945 -0.00006  0.00010
  3.84000 -0.06693 -0.16614 -0.00005  0.00011
  3.85000 -0.06857 -0.16276 -0.00005  0.00011
  3.86000 -0.07018 -0.15929 -0.00005  0.00011
  3.87000 -0.07176 -0.15574 -0.00005  0.00011
  3.88000 -0.07330 -0.15211 -0.00005  0.00012
  3.89000 -0.07480 -0.14841 -0.00005  0.00012
  3.90000 -0.07627 -0.14463 -0.00005  0.00012
  3.91000 -0.07769 -0.14078 -0.00005  0.00013
  3.92000 -0.07908 -0.13686 -0.00005  0.00013
  3.93000 -0.08043 -0.13287 -0.00004  0.00013
  3.94000 -0.08174 -0.12882 -0.00004  0.00013
  3.95000 -0.08301 -0.12470 -0.00004  0.00014
  3.96000 -0.08423 -0.12052 -0.00004  0.00014
  3.97000 -0.08542 -0.11628 -0.00004  0.00014
  3.98000 -0.08656 -0.11198 -0.00004  0.00014
  3.99000 -0.08766 -0.10762 -0.00004  0.00015
  4.00000 -0.08871 -0.10321 -0.00004  0.00015
  4.01000 -0.08972 -0.09875 -0.00003  0.00015
  4.02000 -0.09069 -0.09424 -0.00003  0.00015
  4.03000 -0.09161 -0.08968 -0.00003  0.00015
  4.04000 -0.09248 -0.08508 -0.00003  0.00016
  4.05000 -0.09331 -0.08043 -0.00003  0.00016
  4.06000 -0.09409 -0.07575 -0.00003  0.00016
  4.07000 -0.09482 -0.07102 -0.00003  0.00016
  4.08000 -0.09551 -0.06627 -0.00002  0.00016
  4.09000 -0.09615 -0.06147 -0.00002  0.00016
  4.10000 -0.09674 -0.05665 -0.00002  0.00016
  4.11000 -0.09728 -0.05180 -0.00002  0.00017
  4.12000 -0.09777 -0.04692 -0.00002  0.00017
  4.13000 -0.09822 -0.04202 -0.00002  0.00017
  4.14000 -0.09862 -0.03710 -0.00001  0.00017
  4.15000 -0.09896 -0.03216 -0.00001  0.00017
  4.16000 -0.09926 -0.02720 -0.00001  0.00017
  4.17000 -0.09951 -0.02223 -0.00001  0.00017
  4.18000 -0.09970 -0.01725 -0.00001  0.00017
  4.19000 -0.09985 -0.01226 -0.00001  0.00017
  4.20000 -0.09995 -0.00727 -0.00000  0.00017
  4.21000 -0.10000 -0.00227 -0.00000  0.00017
  4.22000 -0.09999  0.00273 -0.00000  0.00017
  4.23000 -0.09994  0.00773  0.00000  0.00018
  4.24000 -0.09984  0.01273  0.00000  0.00018
  4.25000 -0.09969  0.01771  0.00000  0.00018
  4.26000 -0.09949  0.02269  0.00001  0.00018
  4.27000 -0.09923  0.02766  0.00001  0.00018
  4.28000 -0.09893  0.03262  0.00001  0.00018
  4.29000 -0.09858  0.03756  0.00001  0.00017
  4.30000 -0.09818  0.04248  0.00001  0.00017
  4.31000 -0.09773  0.04737  0.00002  0.00017
  4.32000 -0.09723  0.05225  0.00002  0.00017
  4.33000 -0.09669  0.05710  0.00002  0.00017
  4.34000 -0.09609  0.06192  0.00002  0.00017
  4.35000 -0.09545  0.06671  0.00002  0.00017
  4.36000 -0.09476  0.07146  0.00002  0.00017
  4.37001 -0.09402  0.07618  0.00003  0.00017
  4.38001 -0.09323  0.08086  0.00003  0.00017
  4.39001 -0.09240  0.08551  0.00003  0.00017
  4.40001 -0.09152  0.09010  0.00003  0.00017
  4.41001 -0.09060  0.09466  0.00003  0.00016
  4.42001 -0.08963  0.09916  0.00003  0.00016
  4.43001 -0.08862  0.10362  0.00004  0.00016
  4.44001 -0.08756  0.10803  0.00004  0.00016
  4.45001 -0.08646  0.11238  0.00004  0.00016
  4.46001 -0.08531  0.11667  0.00004  0.00016
  4.47001 -0.08412  0.12091  0.00004  0.00016
  4.48001 -0.08289  0.12508  0.00004  0.00015
  4.49001 -0.08162  0.12920  0.00005  0.00015
  4.50001 -0.08031  0.13325  0.00005  0.00015
  4.51001 -0.07896  0.13723  0.00005  0.00015
  4.52001 -0.07756  0.14114  0.00005  0.00014
  4.53001 -0.07613  0.14498  0.00005  0.00014
  4.54001 -0.07466  0.14875  0.00005  0.00014
  4.55001 -0.07316  0.15245  0.00006  0.00014
  4.56001 -0.07161  0.15607  0.00006  0.00013
  4.57001 -0.07004  0.15961  0.00006  0.00013
  4.58001 -0.06842  0.16307  0.00006  0.00013
  4.59001 -0.06677  0.16645  0.00006  0.00013
  4.60001 -0.06509  0.16975  0.00006  0.00012
  4.61001 -0.06338  0.17296  0.00006  0.00012
  4.62001 -0.06163  0.17609  0.00006  0.00012
  4.63001 -0.05986  0.17913  0.00007  0.00011
  4.64001 -0.05805  0.18208  0.00007  0.00011
  4.65001 -0.05622  0.18493  0.00007  0.00011
  4.66001 -0.05435  0.18770  0.00007  0.00011
  4.67001 -0.05246  0.19037  0.00007  0.00010
  4.68001 -0.05055  0.19294  0.00007  0.00010
  4.69001 -0.04860  0.19542  0.00007  0.00009
  4.70001 -0.04664  0.19780  0.00007  0.00009
  4.71001 -0.04465  0.20009  0.00008  0.00009
  4.72001 -0.04264  0.20227  0.00008  0.00008
  4.73001 -0.04060  0.20435  0.00008  0.00008
  4.74001 -0.03855  0.20633  0.00008  0.00008
  4.75001 -0.03648  0.20820  0.00008  0.00007
  4.76001 -0.03438  0.20998  0.00008  0.00007
  4.77001 -0.03228  0.21164  0.00008  0.00007
  4.78001 -0.03015  0.21320  0.00008  0.00006
  4.79001 -0.02801  0.21466  0.00008  0.00006
  4.80001 -0.02586  0.21601  0.00008  0.00005
  4.81002 -0.02369  0.21724  0.00008  0.00005
  4.82002 -0.02151  0.21837  0.00008  0.00004
  4.83002 -0.01932  0.21940  0.00008  0.00004
  4.84002 -0.01713  0.22031  0.00008  0.00004
  4.85002 -0.01492  0.22111  0.00009  0.00003
  4.86002 -0.01270  0.22180  0.00009  0.00003
  4.87002 -0.01048  0.22238  0.00009  0.00002
  4.88002 -0.00826  0.22285  0.00009  0.00002
  4.89002 -0.00603  0.22320  0.00009  0.00002
  4.90002 -0.00379  0.22345  0.00009  0.00001
  4.91002 -0.00156  0.22358  0.00009  0.00001
  4.92002  0.00068  0.22361  0.00009  0.00000
  4.93002  0.00292  0.22352  0.00009 -0.00000
  4.94002  0.00515  0.22331  0.00009 -0.00001
  4.95002  0.00738  0.22300  0.00009 -0.00001
  4.96002  0.00961  0.22258  0.00009 -0.00002
  4.97002  0.01183  0.22204  0.00009 -0.00002
  4.98002  0.01405  0.22139  0.00009 -0.00002
  4.99002  0.01626  0.22063  0.00009 -0.00003
  5.00002  0.01846  0.21977  0.00009 -0.00003
  5.01002  0.02066  0.21879  0.00009 -0.00004
  5.02002  0.02284  0.21770  0.00009 -0.00004
  5.03002  0.02501  0.21650  0.00009 -0.00005
  5.04002  0.02717  0.21520  0.00009 -0.00005
  5.05002  0.02931  0.21379  0.00009 -0.00006
  5.06002  0.03145  0.21227  0.00009 -0.00006
  5.07002  0.03356  0.21064  0.00009 -0.00006
  5.08002  0.03566  0.20891  0.00008 -0.00007
  5.09002  0.03774  0.20708  0.00008 -0.00007
  5.10002  0.03980  0.20514  0.00008 -0.00008
  5.11002  0.04184  0.20310  0.00008 -0.00008
  5.12002  0.04386  0.20095  0.00008 -0.00009
  5.13002  0.04586  0.19871  0.00008 -0.00009
  5.14002  0.04784  0.19637  0.00008 -0.00009
  5.15002  0.04979  0.19393  0.00008 -0.00010
  5.16002  0.05171  0.19139  0.00008 -0.00010
  5.17002  0.05362  0.18876  0.00008 -0.00011
  5.18002  0.05549  0.18603  0.00008 -0.00011
  5.19002  0.05734  0.18321  0.00008 -0.00011
  5.20002  0.05915  0.18029  0.00007 -0.00012
  5.21002  0.06094  0.17729  0.00007 -0.00012
  5.22002  0.06270  0.17420  0.00007 -0.00013
  5.23002  0.06443  0.17102  0.00007 -0.00013
  5.24003  0.06612  0.16776  0.00007 -0.00013
  5.25003  0.06778  0.16441  0.00007 -0.00014
  5.26003  0.06941  0.16098  0.00007 -0.00014
  5.27003  0.07100  0.15747  0.00007 -0.00014
  5.28003  0.07256  0.15388  0.00006 -0.00015
  5.29003  0.07408  0.15021  0.00006 -0.00015
  5.30003  0.07556  0.14647  0.00006 -0.00015
  5.31003  0.07701  0.14266  0.00006 -0.00016
  5.32003  0.07841  0.13877  0.00006 -0.00016
  5.33003  0.07978  0.13482  0.00006 -0.00016
  5.34003  0.08111  0.13079  0.00006 -0.00017
  5.35003  0.08240  0.12670  0.00005 -0.00017
  5.36003  0.08365  0.12255  0.00005 -0.00017
  5.37003  0.08485  0.11834  0.00005 -0.00018
  5.38003  0.08601  0.11407  0.00005 -0.00018
  5.39003  0.08713  0.10974  0.00005 -0.00018
  5.40003  0.08821  0.10535  0.00005 -0.00018
  5.41003  0.08924  0.10092  0.00004 -0.00019
  5.42003  0.09023  0.09643  0.00004 -0.00019
  5.43003  0.09117  0.09190  0.00004 -0.00019
  5.44003  0.09206  0.08731  0.00004 -0.00019
  5.45003  0.09291  0.08269  0.00004 -0.00020
  5.46003  0.09372  0.07802  0.00003 -0.00020
  5.47003  0.09447  0.07332  0.00003 -0.00020
  5.48003  0.09518  0.06858  0.00003 -0.00020
  5.49003  0.09585  0.06380  0.00003 -0.00020
  5.50003  0.09646  0.05899  0.00003 -0.00020
  5.51003  0.09702  0.05415  0.00002 -0.00021
  5.52003  0.09754  0.04929  0.00002 -0.00021
  5.53003  0.09801  0.04440  0.00002 -0.00021
  5.54003  0.09843  0.03949  0.00002 -0.00021
  5.55003  0.09880  0.03456  0.00002 -0.00021
  5.56003  0.09912  0.02961  0.00001 -0.00021
  5.57003  0.09939  0.02464  0.00001 -0.00021
  5.58003  0.09961  0.01967  0.00001 -0.00021
  5.59003  0.09979  0.01468  0.00001 -0.00022
  5.60003  0.09991  0.00969  0.00001 -0.00022
  5.61003  0.09998  0.00469  0.00000 -0.00022
  5.62003  0.10000 -0.00031  0.00000 -0.00022
  5.63003  0.09997 -0.00531 -0.00000 -0.00022
  5.64003  0.09990 -0.01031 -0.00000 -0.00022
  5.65003  0.09977 -0.01530 -0.00000 -0.00022
  5.66003  0.09959 -0.02028 -0.00001 -0.00022
  5.67003  0.09936 -0.02526 -0.00001 -0.00022
  5.68004  0.09908 -0.03022 -0.00001 -0.00022
  5.69004  0.09876 -0.03517 -0.00001 -0.00022
  5.70004  0.09838 -0.04009 -0.00002 -0.00022
  5.71004  0.09796 -0.04500 -0.00002 -0.00022
  5.72004  0.09748 -0.04989 -0.00002 -0.00022
  5.73004  0.09696 -0.05475 -0.00002 -0.00021
  5.74004  0.09639 -0.05959 -0.00002 -0.00021
  5.75004  0.09577 -0.06439 -0.00003 -0.00021
  5.76004  0.09510 -0.06916 -0.00003 -0.00021
  5.77004  0.09438 -0.07390 -0.00003 -0.00021
  5.78004  0.09362 -0.07860 -0.00003 -0.00021
  5.79004  0.09281 -0.08326 -0.00004 -0.00021
  5.80004  0.09196 -0.08788 -0.00004 -0.00021
  5.81004  0.09105 -0.09246 -0.00004 -0.00020
  5.82004  0.09011 -0.09699 -0.00004 -0.00020
  5.83004  0.08911 -0.10147 -0.00004 -0.00020
  5.84004  0.08808 -0.10590 -0.00005 -0.00020
  5.85004  0.08700 -0.11028 -0.00005 -0.00020
  5.86004  0.08587 -0.11460 -0.00005 -0.00019
  5.87004  0.08470 -0.11886 -0.00005 -0.00019
  5.88004  0.08349 -0.12307 -0.00005 -0.00019
  5.89004  0.08224 -0.12721 -0.00006 -0.00019
  5.90004  0.08095 -0.13129 -0.00006 -0.00019
  5.91004  0.07962 -0.13531 -0.00006 -0.00018
  5.92004  0.07824 -0.13925 -0.00006 -0.00018
  5.93004  0.07683 -0.14313 -0.00006 -0.00018
  5.94004  0.07538 -0.14694 -0.00007 -0.00017
  5.95004  0.07389 -0.15067 -0.00007 -0.00017
  5.96004  0.07237 -0.15433 -0.00007 -0.00017
  5.97004  0.07081 -0.15791 -0.00007 -0.00016
  5.98004  0.06921 -0.16141 -0.00007 -0.00016
  5.99004  0.06758 -0.16483 -0.00007 -0.00016
  6.00004  0.06591 -0.16816 -0.00008 -0.00015
  6.01004  0.06421 -0.17142 -0.00008 -0.00015
  6.02004  0.06248 -0.17459 -0.00008 -0.00015
  6.03004  0.06072 -0.17767 -0.00008 -0.00014
  6.04004  0.05893 -0.18066 -0.00008 -0.00014
  6.05004  0.05711 -0.18356 -0.00008 -0.00014
  6.06004  0.05526 -0.18637 -0.00008 -0.00013
  6.07004  0.05338 -0.18909 -0.00009 -0.00013
  6.08004  0.05148 -0.19171 -0.00009 -0.00012
  6.09004  0.04955 -0.19423 -0.00009 -0.00012
  6.10004  0.04759 -0.19666 -0.00009 -0.00011
  6.11004  0.04561 -0.19899 -0.00009 -0.00011
  6.12005  0.04361 -0.20122 -0.00009 -0.00011
  6.13005  0.04159 -0.20335 -0.00009 -0.00010
  6.14005  0.03955 -0.20538 -0.00009 -0.00010
  6.15005  0.03748 -0.20731 -0.00010 -0.00009
  6.16005  0.03540 -0.20913 -0.00010 -0.00009
  6.17005  0.03330 -0.21085 -0.00010 -0.00008
  6.18005  0.03118 -0.21246 -0.00010 -0.00008
  6.19005  0.02905 -0.21397 -0.00010 -0.00007
  6.20005  0.02690 -0.21537 -0.00010 -0.00007
  6.21005  0.02474 -0.21666 -0.00010 -0.00006
  6.22005  0.02257 -0.21784 -0.00010 -0.00006
  6.23005  0.02039 -0.21892 -0.00010 -0.00005
  6.24005  0.01819 -0.21988 -0.00010 -0.00005
  6.25005  0.01599 -0.22073 -0.00010 -0.00004
  6.26005  0.01378 -0.22148 -0.00010 -0.00004
  6.27005  0.01156 -0.22211 -0.00010 -0.00003
  6.28005  0.00934 -0.22263 -0.00011 -0.00003
  6.29005  0.00711 -0.22305 -0.00011 -0.00002
  6.30005  0.00487 -0.22335 -0.00011 -0.00002
  6.31005  0.00264 -0.22353 -0.00011 -0.00001
  6.32005  0.00040 -0.22361 -0.00011 -0.00001
  6.33005 -0.00183 -0.22357 -0.00011 -0.00000
  6.34005 -0.00407 -0.22343 -0.00011  0.00001
  6.35005 -0.00630 -0.22317 -0.00011  0.00001
  6.36005 -0.00853 -0.22280 -0.00011  0.00002
  6.37005 -0.01076 -0.22231 -0.00011  0.00002
  6.38005 -0.01298 -0.22172 -0.00011  0.00003
  6.39005 -0.01519 -0.22102 -0.00011  0.00003
  6.40005 -0.01740 -0.22020 -0.00011  0.00004
  6.41005 -0.01960 -0.21928 -0.00011  0.00004
  6.42005 -0.02178 -0.21824 -0.00011  0.00005
  6.43005 -0.02396 -0.21710 -0.00011  0.00005
  6.44005 -0.02612 -0.21585 -0.00010  0.00006
  6.45005 -0.02828 -0.21449 -0.00010  0.00006
  6.46005 -0.03041 -0.21302 -0.00010  0.00007
  6.47005 -0.03254 -0.21144 -0.00010  0.00007
  6.48005 -0.03464 -0.20976 -0.00010  0.00008
  6.49005 -0.03673 -0.20798 -0.00010  0.00009
  6.50005 -0.03880 -0.20609 -0.00010  0.00009
  6.51005 -0.04085 -0.20410 -0.00010  0.00010
  6.52005 -0.04289 -0.20201 -0.00010  0.00010
  6.53005 -0.04489 -0.19981 -0.00010  0.00011
  6.54005 -0.04688 -0.19752 -0.00010  0.00011
  6.55006 -0.04884 -0.19512 -0.00010  0.00012
  6.56006 -0.05078 -0.19263 -0.00010  0.00012
  6.57006 -0.05270 -0.19004 -0.00009  0.00013
  6.58006 -0.05458 -0.18736 -0.00009  0.00013
  6.59006 -0.05644 -0.18459 -0.00009  0.00014
  6.60006 -0.05828 -0.18172 -0.00009  0.00014
  6.61006 -0.06008 -0.17876 -0.00009  0.00014
  6.62006 -0.06185 -0.17571 -0.00009  0.00015
  6.63006 -0.06359 -0.17257 -0.00009  0.00015
  6.64006 -0.06530 -0.16935 -0.00009  0.00016
  6.65006 -0.06698 -0.16604 -0.00008  0.00016
  6.66006 -0.06862 -0.16265 -0.00008  0.00017
  6.67006 -0.07023 -0.15918 -0.00008  0.00017
  6.68006 -0.07181 -0.15563 -0.00008  0.00018
  6.69006 -0.07335 -0.15200 -0.00008  0.00018
  6.70006 -0.07485 -0.14829 -0.00008  0.00018
  6.71006 -0.07631 -0.14452 -0.00007  0.00019
  6.72006 -0.07774 -0.14066 -0.00007  0.00019
  6.73006 -0.07913 -0.13674 -0.00007  0.00020
  6.74006 -0.08047 -0.13275 -0.00007  0.00020
  6.75006 -0.08178 -0.12869 -0.00007  0.00020
  6.76006 -0.08305 -0.12457 -0.00006  0.00021
  6.77006 -0.08427 -0.12039 -0.00006  0.00021
  6.78006 -0.08545 -0.11615 -0.00006  0.00021
  6.79006 -0.08659 -0.11184 -0.00006  0.00022
  6.80006 -0.08769 -0.10749 -0.00006  0.00022
  6.81006 -0.08874 -0.10308 -0.00005  0.00022
  6.82006 -0.08975 -0.09861 -0.00005  0.00023
  6.83006 -0.09072 -0.09410 -0.00005  0.00023
  6.84006 -0.09163 -0.08954 -0.00005  0.00023
  6.85006 -0.09251 -0.08494 -0.00005  0.00023
  6.86006 -0.09333 -0.08029 -0.00004  0.00024
  6.87006 -0.09411 -0.07560 -0.00004  0.00024
  6.88006 -0.09485 -0.07088 -0.00004  0.00024
  6.89006 -0.09553 -0.06612 -0.00004  0.00024
  6.90006 -0.09617 -0.06133 -0.00003  0.00024
  6.91006 -0.09676 -0.05650 -0.00003  0.00025
  6.92006 -0.09730 -0.05165 -0.00003  0.00025
  6.93006 -0.09779 -0.04677 -0.00003  0.00025
  6.94006 -0.09823 -0.04187 -0.00002  0.00025
  6.95006 -0.09863 -0.03695 -0.00002  0.00025
  6.96006 -0.09897 -0.03201 -0.00002  0.00025
  6.97006 -0.09927 -0.02705 -0.00002  0.00026
  6.98006 -0.09951 -0.02208 -0.00001  0.00026
  6.99007 -0.09971 -0.01710 -0.00001  0.00026
  7.00007 -0.09986 -0.01211 -0.00001  0.00026
  7.01007 -0.09995 -0.00711 -0.00001  0.00026
  7.02007 -0.10000 -0.00212 -0.00000  0.00026
  7.03007 -0.09999  0.00289 -0.00000  0.00026
  7.04007 -0.09994  0.00788  0.00000  0.00026
  7.05007 -0.09984  0.01288  0.00000  0.00026
  7.06007 -0.09968  0.01787  0.00001  0.00026
  7.07007 -0.09948  0.02285  0.00001  0.00026
  7.08007 -0.09923  0.02782  0.00001  0.00026
  7.09007 -0.09892  0.03277  0.00001  0.00026
  7.10007 -0.09857  0.03771  0.00002  0.00026
  7.11007 -0.09817  0.04263  0.00002  0.00026
  7.12007 -0.09772  0.04752  0.00002  0.00026
  7.13007 -0.09722  0.05240  0.00003  0.00026
  7.14007 -0.09667  0.05725  0.00003  0.00026
  7.15007 -0.09607  0.06207  0.00003  0.00025
  7.16007 -0.09543  0.06685  0.00003  0.00025
  7.17007 -0.09474  0.07161  0.00004  0.00025
  7.18007 -0.09400  0.07633  0.00004  0.00025
  7.19007 -0.09321  0.08101  0.00004  0.00025
  7.20007 -0.09238  0.08565  0.00004  0.00025
  7.21007 -0.09150  0.09025  0.00005  0.00024
  7.22007 -0.09057  0.09480  0.00005  0.00024
  7.23007 -0.08960  0.09930  0.00005  0.00024
  7.24007 -0.08858  0.10376  0.00005  0.00024
  7.25007 -0.08753  0.10816  0.00006  0.00024
  7.26007 -0.08642  0.11251  0.00006  0.00023
  7.27007 -0.08528  0.11680  0.00006  0.00023
  7.28007 -0.08409  0.12104  0.00006  0.00023
  7.29007 -0.08285  0.12521  0.00007  0.00022
  7.30007 -0.08158  0.12932  0.00007  0.00022
  7.31007 -0.08027  0.13337  0.00007  0.00022
  7.32007 -0.07891  0.13735  0.00007  0.00021
  7.33007 -0.07752  0.14126  0.00007  0.00021
  7.34007 -0.07609  0.14510  0.00008  0.00021
  7.35007 -0.07462  0.14887  0.00008  0.00020
  7.36007 -0.07311  0.15256  0.00008  0.00020
  7.37007 -0.07157  0.15618  0.00008  0.00020
  7.38007 -0.06999  0.15972  0.00008  0.00019
  7.39007 -0.06837  0.16318  0.00009  0.00019
  7.40007 -0.06672  0.16656  0.00009  0.00018
  7.41007 -0.06504  0.16985  0.00009  0.00018
  7.42007 -0.06333  0.17306  0.00009  0.00018
  7.43008 -0.06158  0.17619  0.00009  0.00017
  7.44008 -0.05980  0.17922  0.00010  0.00017
  7.45008 -0.05800  0.18217  0.00010  0.00016
  7.46008 -0.05616  0.18502  0.00010  0.00016
  7.47008 -0.05430  0.18778  0.00010  0.00015
  7.48008 -0.05240  0.19045  0.00010  0.00015
  7.49008 -0.05049  0.19302  0.00010  0.00014
  7.50008 -0.04854  0.19550  0.00011  0.00014
  7.51008 -0.04658  0.19788  0.00011  0.00013
  7.52008 -0.04459  0.20016  0.00011  0.00013
  7.53008 -0.04257  0.20234  0.00011  0.00012
  7.54008 -0.04054  0.20441  0.00011  0.00012
  7.55008 -0.03849  0.20639  0.00011  0.00011
  7.56008 -0.03641  0.20826  0.00011  0.00011
  7.57008 -0.03432  0.21003  0.00012  0.00010
  7.58008 -0.03221  0.21169  0.00012  0.00009
  7.59008 -0.03009  0.21325  0.00012  0.00009
  7.60008 -0.02795  0.21470  0.00012  0.00008
  7.61008 -0.02579  0.21605  0.00012  0.00008
  7.62008 -0.02363  0.21728  0.00012  0.00007
  7.63008 -0.02145  0.21841  0.00012  0.00007
  7.64008 -0.01926  0.21943  0.00012  0.00006
  7.65008 -0.01706  0.22034  0.00012  0.00005
  7.66008 -0.01485  0.22113  0.00012  0.00005
  7.67008 -0.01264  0.22182  0.00012  0.00004
  7.68008 -0.01041  0.22240  0.00012  0.00003
  7.69008 -0.00819  0.22286  0.00012  0.00003
  7.70008 -0.00596  0.22322  0.00012  0.00002
  7.71008 -0.00372  0.22346  0.00013  0.00002
  7.72008 -0.00149  0.22359  0.00013  0.00001
  7.73008  0.00075  0.22361  0.00013  0.00000
  7.74008  0.00298  0.22351  0.00013 -0.00000
  7.75008  0.00522  0.22331  0.00013 -0.00001
  7.76008  0.00745  0.22299  0.00013 -0.00002
  7.77008  0.00968  0.22256  0.00013 -0.00002
  7.78008  0.01190  0.22202  0.00013 -0.00003
  7.79008  0.01412  0.22137  0.00013 -0.00003
  7.80008  0.01633  0.22061  0.00013 -0.00004
  7.81008  0.01853  0.21974  0.00012 -0.00005
  7.82008  0.02072  0.21876  0.00012 -0.00005
  7.83008  0.02291  0.21767  0.00012 -0.00006
  7.84008  0.02508  0.21647  0.00012 -0.00007
  7.85008  0.02724  0.21516  0.00012 -0.00007
  7.86009  0.02938  0.21374  0.00012 -0.00008
  7.87009  0.03151  0.21222  0.00012 -0.00008
  7.88009  0.03363  0.21059  0.00012 -0.00009
  7.89009  0.03572  0.20886  0.00012 -0.00010
  7.90009  0.03780  0.20702  0.00012 -0.00010
  7.91009  0.03986  0.20508  0.00012 -0.00011
  7.92009  0.04190  0.20303  0.00012 -0.00011
  7.93009  0.04392  0.20089  0.00012 -0.00012
  7.94009  0.04592  0.19864  0.00012 -0.00013
  7.95009  0.04790  0.19630  0.00011 -0.00013
  7.96009  0.04985  0.19385  0.00011 -0.00014
  7.97009  0.05177  0.19131  0.00011 -0.00014
  7.98009  0.05367  0.18867  0.00011 -0.00015
  7.99009  0.05555  0.18594  0.00011 -0.00016
  8.00009  0.05739  0.18312  0.00011 -0.00016
  8.01009  0.05921  0.18020  0.00011 -0.00017
  8.02009  0.06100  0.17720  0.00010 -0.00017
  8.03009  0.06275  0.17411  0.00010 -0.00018
  8.04009  0.06448  0.17092  0.00010 -0.00018
  8.05009  0.06617  0.16766  0.00010 -0.00019
  8.06009  0.06783  0.16431  0.00010 -0.00019
  8.07009  0.06946  0.16087  0.00010 -0.00020
  8.08009  0.07105  0.15736  0.00009 -0.00020
  8.09009  0.07261  0.15377  0.00009 -0.00021
  8.10009  0.07412  0.15010  0.00009 -0.00021
  8.11009  0.07561  0.14636  0.00009 -0.00022
  8.12009  0.07705  0.14254  0.00009 -0.00022
  8.13009  0.07846  0.13865  0.00008 -0.00023
  8.14009  0.07982  0.13469  0.00008 -0.00023
  8.15009  0.08115  0.13067  0.00008 -0.00024
  8.16009  0.08244  0.12658  0.00008 -0.00024
  8.17009  0.08368  0.12243  0.00007 -0.00024
  8.18009  0.08489  0.11821  0.00007 -0.00025
  8.19009  0.08605  0.11394  0.00007 -0.00025
  8.20009  0.08717  0.10961  0.00007 -0.00025
  8.21009  0.08824  0.10522  0.00006 -0.00026
  8.22009  0.08927  0.10078  0.00006 -0.00026
  8.23009  0.09026  0.09629  0.00006 -0.00026
  8.24009  0.09120  0.09176  0.00006 -0.00027
  8.25009  0.09209  0.08717  0.00005 -0.00027
  8.26009  0.09294  0.08255  0.00005 -0.00027
  8.27009  0.09374  0.07788  0.00005 -0.00028
  8.28009  0.09450  0.07317  0.00005 -0.00028
  8.29009  0.09521  0.06843  0.00004 -0.00028
  8.30009  0.09587  0.06365  0.00004 -0.00028
  8.31009  0.09648  0.05884  0.00004 -0.00029
  8.32010  0.09704  0.05400  0.00003 -0.00029
  8.33010  0.09756  0.04914  0.00003 -0.00029
  8.34010  0.09803  0.04425  0.00003 -0.00029
  8.35010  0.09844  0.03934  0.00003 -0.00029
  8.36010  0.09881  0.03440  0.00002 -0.00030
  8.37010  0.09913  0.02946  0.00002 -0.00030
  8.38010  0.09940  0.02449  0.00002 -0.00030
  8.39010  0.09962  0.01952  0.00001 -0.00030
  8.40010  0.09979  0.01453  0.00001 -0.00030
  8.41010  0.09991  0.00954  0.00001 -0.00030
  8.42010  0.09998  0.00454  0.00001 -0.00030
  8.43010  0.10000 -0.00046  0.00000 -0.00030
  8.44010  0.09997 -0.00546 -0.00000 -0.00030
  8.45010  0.09989 -0.01046 -0.00000 -0.00030
  8.46010  0.09976 -0.01545 -0.00001 -0.00030
  8.47010  0.09958 -0.02044 -0.00001 -0.00030
  8.48010  0.09935 -0.02541 -0.00001 -0.00030
  8.49010  0.09908 -0.03037 -0.00002 -0.00030
  8.50010  0.09875 -0.03532 -0.00002 -0.00030
  8.51010  0.09837 -0.04025 -0.00002 -0.00030
  8.52010  0.09794 -0.04515 -0.00002 -0.00030
  8.53010  0.09747 -0.05004 -0.00003 -0.00030
  8.54010  0.09694 -0.05490 -0.00003 -0.00030
  8.55010  0.09637 -0.05973 -0.00003 -0.00030
  8.56010  0.09575 -0.06454 -0.00004 -0.00030
  8.57010  0.09508 -0.06931 -0.00004 -0.00029
  8.58010  0.09436 -0.07405 -0.00004 -0.00029
  8.59010  0.09360 -0.07875 -0.00005 -0.00029
  8.60010  0.09279 -0.08341 -0.00005 -0.00029
  8.61010  0.09193 -0.08802 -0.00005 -0.00029
  8.62010  0.09103 -0.09260 -0.00005 -0.00028
  8.63010  0.09008 -0.09713 -0.00006 -0.00028
  8.64010  0.08908 -0.10161 -0.00006 -0.00028
  8.65010  0.08804 -0.10603 -0.00006 -0.00027
  8.66010  0.08696 -0.11041 -0.00007 -0.00027
  8.67010  0.08584 -0.11473 -0.00007 -0.00027
  8.68010  0.08467 -0.11899 -0.00007 -0.00027
  8.69010  0.08346 -0.12320 -0.00007 -0.00026
  8.70010  0.08220 -0.12734 -0.00008 -0.00026
  8.71010  0.08091 -0.13142 -0.00008 -0.00026
  8.72010  0.07958 -0.13543 -0.00008 -0.00025
  8.73010  0.07820 -0.13938 -0.00008 -0.00025
  8.74010  0.07679 -0.14325 -0.00009 -0.00024
  8.75010  0.07534 -0.14705 -0.00009 -0.00024
  8.76011  0.07385 -0.15078 -0.00009 -0.00024
  8.77011  0.07232 -0.15444 -0.00009 -0.00023
  8.78011  0.07076 -0.15802 -0.00010 -0.00023
  8.79011  0.06916 -0.16152 -0.00010 -0.00022
  8.80011  0.06753 -0.16493 -0.00010 -0.00022
  8.81011  0.06586 -0.16827 -0.00010 -0.00021
  8.82011  0.06416 -0.17152 -0.00011 -0.00021
  8.83011  0.06243 -0.17468 -0.00011 -0.00020
  8.84011  0.06067 -0.17776 -0.00011 -0.00020
  8.85011  0.05888 -0.18075 -0.00011 -0.00019
  8.86011  0.05705 -0.18365 -0.00011 -0.00019
  8.87011  0.05520 -0.18646 -0.00012 -0.00018
  8.88011  0.05332 -0.18917 -0.00012 -0.00017
  8.89011  0.05142 -0.19179 -0.00012 -0.00017
  8.90011  0.04949 -0.19431 -0.00012 -0.00016
  8.91011  0.04753 -0.19674 -0.00012 -0.00016
  8.92011  0.04555 -0.19907 -0.00012 -0.00015
  8.93011  0.04355 -0.20129 -0.00013 -0.00014
  8.94011  0.04153 -0.20342 -0.00013 -0.00014
  8.95011  0.03948 -0.20545 -0.00013 -0.00013
  8.96011  0.03742 -0.20737 -0.00013 -0.00013
  8.97011  0.03534 -0.20919 -0.00013 -0.00012
  8.98011  0.03324 -0.21090 -0.00013 -0.00011
  8.99011  0.03112 -0.21251 -0.00013 -0.00011
  9.00011  0.02899 -0.21401 -0.00014 -0.00010
  9.01011  0.02684 -0.21541 -0.00014 -0.00009
  9.02011  0.02468 -0.21670 -0.00014 -0.00009
  9.03011  0.02250 -0.21788 -0.00014 -0.00008
  9.04011  0.02032 -0.21895 -0.00014 -0.00007
  9.05011  0.01812 -0.21991 -0.00014 -0.00006
  9.06011  0.01592 -0.22076 -0.00014 -0.00006
  9.07011  0.01371 -0.22150 -0.00014 -0.00005
  9.08011  0.01149 -0.22213 -0.00014 -0.00004
  9.09011  0.00927 -0.22265 -0.00014 -0.00004
  9.10011  0.00704 -0.22306 -0.00014 -0.00003
  9.11011  0.00481 -0.22335 -0.00014 -0.00002
  9.12011  0.00257 -0.22354 -0.00014 -0.00001
  9.13011  0.00034 -0.22361 -0.00014 -0.00001
  9.14011 -0.00190 -0.22357 -0.00014 -0.00000
  9.15011 -0.00414 -0.22342 -0.00014  0.00001
  9.16011 -0.00637 -0.22316 -0.00014  0.00001
  9.17011 -0.00860 -0.22278 -0.00014  0.00002
  9.18011 -0.01083 -0.22230 -0.00014  0.00003
  9.19011 -0.01305 -0.22170 -0.00014  0.00004
  9.20012 -0.01526 -0.22099 -0.00014  0.00004
  9.21012 -0.01747 -0.22018 -0.00014  0.00005
  9.22012 -0.01966 -0.21925 -0.00014  0.00006
  9.23012 -0.02185 -0.21821 -0.00014  0.00006
  9.24012 -0.02403 -0.21706 -0.00014  0.00007
  9.25012 -0.02619 -0.21581 -0.00014  0.00008
  9.26012 -0.02834 -0.21444 -0.00014  0.00009
  9.27012 -0.03048 -0.21297 -0.00014  0.00009
  9.28012 -0.03260 -0.21140 -0.00014  0.00010
  9.29012 -0.03471 -0.20971 -0.00014  0.00011
  9.30012 -0.03680 -0.20793 -0.00014  0.00011
  9.31012 -0.03887 -0.20603 -0.00014  0.00012
  9.32012 -0.04092 -0.20404 -0.00014  0.00013
  9.33012 -0.04295 -0.20194 -0.00013  0.00014
  9.34012 -0.04496 -0.19974 -0.00013  0.00014
  9.35012 -0.04694 -0.19745 -0.00013  0.00015
  9.36012 -0.04891 -0.19505 -0.00013  0.00016
  9.37012 -0.05084 -0.19256 -0.00013  0.00016
  9.38012 -0.05276 -0.18997 -0.00013  0.00017
  9.39012 -0.05464 -0.18728 -0.00013  0.00018
  9.40012 -0.05650 -0.18450 -0.00012  0.00018
  9.41012 -0.05833 -0.18163 -0.00012  0.00019
  9.42012 -0.06013 -0.17867 -0.00012  0.00019
  9.43012 -0.06191 -0.17562 -0.00012  0.00020
  9.44012 -0.06365 -0.17248 -0.00012  0.00021
  9.45012 -0.06536 -0.16925 -0.00011  0.00021
  9.46012 -0.06703 -0.16594 -0.00011  0.00022
  9.47012 -0.06867 -0.16255 -0.00011  0.00022
  9.48012 -0.07028 -0.15907 -0.00011  0.00023
  9.49012 -0.07186 -0.15552 -0.00011  0.00024
  9.50012 -0.07339 -0.15189 -0.00010  0.00024
  9.51012 -0.07489 -0.14818 -0.00010  0.00025
  9.52012 -0.07636 -0.14440 -0.00010  0.00025
  9.53012 -0.07778 -0.14054 -0.00010  0.00026
  9.54012 -0.07917 -0.13662 -0.00009  0.00026
  9.55012 -0.08051 -0.13263 -0.00009  0.00027
  9.56012 -0.08182 -0.12857 -0.00009  0.00027
  9.57012 -0.08309 -0.12445 -0.00009  0.00028
  9.58012 -0.08431 -0.12026 -0.00008  0.00028
  9.59012 -0.08549 -0.11602 -0.00008  0.00028
  9.60012 -0.08663 -0.11171 -0.00008  0.00029
  9.61012 -0.08773 -0.10735 -0.00008  0.00029
  9.62012 -0.08878 -0.10294 -0.00007  0.00030
  9.63013 -0.08978 -0.09847 -0.00007  0.00030
  9.64013 -0.09075 -0.09396 -0.00007  0.00030
  9.65013 -0.09166 -0.08940 -0.00006  0.00031
  9.66013 -0.09253 -0.08479 -0.00006  0.00031
  9.67013 -0.09336 -0.08015 -0.00006  0.00031
  9.68013 -0.09414 -0.07546 -0.00005  0.00032
  9.69013 -0.09487 -0.07073 -0.00005  0.00032
  9.70013 -0.09555 -0.06597 -0.00005  0.00032
  9.71013 -0.09619 -0.06118 -0.00004  0.00033
  9.72013 -0.09678 -0.05635 -0.00004  0.00033
  9.73013 -0.09731 -0.05150 -0.00004  0.00033
  9.74013 -0.09781 -0.04662 -0.00004  0.00033
  9.75013 -0.09825 -0.04172 -0.00003  0.00033
  9.76013 -0.09864 -0.03680 -0.00003  0.00034
  9.77013 -0.09898 -0.03186 -0.00003  0.00034
  9.78013 -0.09928 -0.02690 -0.00002  0.00034
  9.79013 -0.09952 -0.02193 -0.00002  0.00034
  9.80013 -0.09972 -0.01695 -0.00001  0.00034
  9.81013 -0.09986 -0.01196 -0.00001  0.00034
  9.82013 -0.09995 -0.00696 -0.00001  0.00034
  9.83013 -0.10000 -0.00196 -0.00000  0.00034
  9.84013 -0.09999  0.00304 -0.00000  0.00034
  9.85013 -0.09994  0.00804  0.00000  0.00035
  9.86013 -0.09983  0.01303  0.00001  0.00035
  9.87013 -0.09968  0.01802  0.00001  0.00035
  9.88013 -0.09947  0.02300  0.00001  0.00035
  9.89013 -0.09922  0.02797  0.00002  0.00034
  9.90013 -0.09891  0.03292  0.00002  0.00034
  9.91013 -0.09856  0.03786  0.00002  0.00034
  9.92013 -0.09816  0.04278  0.00003  0.00034
  9.93013 -0.09770  0.04768  0.00003  0.00034
  9.94013 -0.09720  0.05255  0.00003  0.00034
  9.95013 -0.09665  0.05740  0.00004  0.00034
  9.96013 -0.09605  0.06221  0.00004  0.00034
  9.97013 -0.09541  0.06700  0.00004  0.00033
  9.98013 -0.09471  0.07176  0.00005  0.00033
  9.99013 -0.09397  0.07647  0.00005  0.00033
 10.00013 -0.09319  0.08115  0.00005  0.00033
