   0.0000000   0.1000000   0.0000000
   0.1000000   9.7000003E-02  -4.4547021E-05
   0.2000000   9.4090000E-02  -8.6456537E-05
   0.3000000   9.1267303E-02  -1.2581795E-04
   0.4000000   8.8529281E-02  -1.6276538E-04
   0.5000000   8.5873403E-02  -1.9739568E-04
   0.6000000   8.3297201E-02  -2.2982061E-04
   0.7000000   8.0798283E-02  -2.6014447E-04
   0.8000001   7.8374334E-02  -2.8844923E-04
   0.9000001   7.6023102E-02  -3.1484663E-04
   1.0000001   7.3742412E-02  -3.3941120E-04
   1.1000001   7.1530141E-02  -3.6223233E-04
   1.2000002   6.9384240E-02  -3.8339198E-04
   1.3000002   6.7302711E-02  -4.0297210E-04
   1.4000002   6.5283626E-02  -4.2105466E-04
   1.5000002   6.3325115E-02  -4.3769181E-04
   1.6000003   6.1425362E-02  -4.5296922E-04
   1.7000003   5.9582602E-02  -4.6695024E-04
   1.8000003   5.7795122E-02  -4.7969446E-04
   1.9000003   5.6061268E-02  -4.9126893E-04
   2.0000002   5.4379430E-02  -5.0173327E-04
   2.1000001   5.2748047E-02  -5.1112846E-04
   2.2000000   5.1165607E-02  -5.1952526E-04
   2.3000000   4.9630638E-02  -5.2696839E-04
   2.3999999   4.8141718E-02  -5.3351000E-04
   2.4999998   4.6697468E-02  -5.3919107E-04
   2.5999997   4.5296542E-02  -5.4406375E-04
   2.6999996   4.3937646E-02  -5.4816529E-04
   2.7999995   4.2619515E-02  -5.5154413E-04
   2.8999994   4.1340929E-02  -5.5423379E-04
   2.9999993   4.0100701E-02  -5.5627525E-04
   3.0999992   3.8897678E-02  -5.5770203E-04
   3.1999991   3.7730746E-02  -5.5855513E-04
   3.2999990   3.6598824E-02  -5.5885687E-04
   3.3999989   3.5500858E-02  -5.5864826E-04
   3.4999988   3.4435831E-02  -5.5795535E-04
   3.5999987   3.3402756E-02  -5.5680797E-04
   3.6999986   3.2400671E-02  -5.5523962E-04
   3.7999985   3.1428650E-02  -5.5326521E-04
   3.8999984   3.0485790E-02  -5.5091828E-04
   3.9999983   2.9571217E-02  -5.4821745E-04
   4.0999985   2.8684080E-02  -5.4519251E-04
   4.1999984   2.7823558E-02  -5.4185838E-04
   4.2999983   2.6988851E-02  -5.3824298E-04
   4.3999982   2.6179185E-02  -5.3435937E-04
   4.4999981   2.5393810E-02  -5.3023174E-04
   4.5999980   2.4631996E-02  -5.2587688E-04
   4.6999979   2.3893036E-02  -5.2130781E-04
   4.7999978   2.3176245E-02  -5.1654689E-04
   4.8999977   2.2480957E-02  -5.1160716E-04
   4.9999976   2.1806529E-02  -5.0650351E-04
   5.0999975   2.1152332E-02  -5.0124899E-04
   5.1999974   2.0517763E-02  -4.9585849E-04
   5.2999973   1.9902229E-02  -4.9034506E-04
   5.3999972   1.9305162E-02  -4.8472174E-04
   5.4999971   1.8726008E-02  -4.7899783E-04
   5.5999970   1.8164229E-02  -4.7318265E-04
   5.6999969   1.7619302E-02  -4.6729296E-04
   5.7999969   1.7090723E-02  -4.6133064E-04
   5.8999968   1.6578002E-02  -4.5531243E-04
   5.9999967   1.6080663E-02  -4.4924021E-04
   6.0999966   1.5598243E-02  -4.4312887E-04
   6.1999965   1.5130295E-02  -4.3698214E-04
   6.2999964   1.4676386E-02  -4.3080840E-04
   6.3999963   1.4236094E-02  -4.2461604E-04
   6.4999962   1.3809011E-02  -4.1841064E-04
   6.5999961   1.3394741E-02  -4.1219685E-04
   6.6999960   1.2992899E-02  -4.0598586E-04
   6.7999959   1.2603112E-02  -3.9977580E-04
   6.8999958   1.2225018E-02  -3.9357599E-04
   6.9999957   1.1858268E-02  -3.8739108E-04
   7.0999956   1.1502519E-02  -3.8122665E-04
   7.1999955   1.1157444E-02  -3.7508458E-04
   7.2999954   1.0822721E-02  -3.6896951E-04
   7.3999953   1.0498039E-02  -3.6288705E-04
   7.4999952   1.0183098E-02  -3.5683997E-04
   7.5999951   9.8776044E-03  -3.5083108E-04
   7.6999950   9.5812762E-03  -3.4486316E-04
   7.7999949   9.2938375E-03  -3.3894088E-04
   7.8999949   9.0150228E-03  -3.3306424E-04
   7.9999948   8.7445723E-03  -3.2723788E-04
   8.0999947   8.4822355E-03  -3.2146275E-04
   8.1999950   8.2277684E-03  -3.1573884E-04
   8.2999954   7.9809353E-03  -3.1007174E-04
   8.3999958   7.7415071E-03  -3.0446332E-04
   8.4999962   7.5092618E-03  -2.9891264E-04
   8.5999966   7.2839838E-03  -2.9342435E-04
   8.6999969   7.0654643E-03  -2.8799567E-04
   8.7999973   6.8535004E-03  -2.8263079E-04
   8.8999977   6.6478956E-03  -2.7733110E-04
   8.9999981   6.4484589E-03  -2.7209520E-04
   9.0999985   6.2550050E-03  -2.6692729E-04
   9.1999989   6.0673547E-03  -2.6182365E-04
   9.2999992   5.8853342E-03  -2.5678752E-04
   9.3999996   5.7087741E-03  -2.5182031E-04
   9.5000000   5.5375108E-03  -2.4692016E-04
   9.6000004   5.3713857E-03  -2.4208985E-04
   9.7000008   5.2102441E-03  -2.3732753E-04
   9.8000011   5.0539370E-03  -2.3263320E-04
   9.9000015   4.9023191E-03  -2.2800965E-04
  10.0000019   4.7552492E-03  -2.2345409E-04
  10.1000023   4.6125916E-03  -2.1896791E-04
  10.2000027   4.4742138E-03  -2.1455158E-04
  10.3000031   4.3399874E-03  -2.1020276E-04
  10.4000034   4.2097876E-03  -2.0592473E-04
  10.5000038   4.0834937E-03  -2.0171329E-04
  10.6000042   3.9609889E-03  -1.9757077E-04
  10.7000046   3.8421592E-03  -1.9349623E-04
  10.8000050   3.7268945E-03  -1.8948829E-04
  10.9000053   3.6150876E-03  -1.8554903E-04
  11.0000057   3.5066349E-03  -1.8167496E-04
  11.1000061   3.4014359E-03  -1.7786748E-04
  11.2000065   3.2993928E-03  -1.7412612E-04
  11.3000069   3.2004109E-03  -1.7044949E-04
  11.4000072   3.1043985E-03  -1.6683782E-04
  11.5000076   3.0112665E-03  -1.6328972E-04
  11.6000080   2.9209284E-03  -1.5980448E-04
  11.7000084   2.8333005E-03  -1.5638326E-04
  11.8000088   2.7483015E-03  -1.5302305E-04
  11.9000092   2.6658524E-03  -1.4972524E-04
  12.0000095   2.5858770E-03  -1.4648726E-04
  12.1000099   2.5083006E-03  -1.4330936E-04
  12.2000103   2.4330516E-03  -1.4019152E-04
  12.3000107   2.3600601E-03  -1.3713166E-04
  12.4000111   2.2892584E-03  -1.3413024E-04
  12.5000114   2.2205806E-03  -1.3118563E-04
  12.6000118   2.1539631E-03  -1.2829760E-04
  12.7000122   2.0893442E-03  -1.2546545E-04
  12.8000126   2.0266639E-03  -1.2268778E-04
  12.9000130   1.9658639E-03  -1.1996506E-04
  13.0000134   1.9068880E-03  -1.1729484E-04
  13.1000137   1.8496814E-03  -1.1467724E-04
  13.2000141   1.7941910E-03  -1.1211215E-04
  13.3000145   1.7403653E-03  -1.0959769E-04
  13.4000149   1.6881543E-03  -1.0713376E-04
  13.5000153   1.6375097E-03  -1.0471919E-04
  13.6000156   1.5883844E-03  -1.0235433E-04
  13.7000160   1.5407328E-03  -1.0003673E-04
  13.8000164   1.4945108E-03  -9.7766169E-05
  13.9000168   1.4496754E-03  -9.5542404E-05
  14.0000172   1.4061851E-03  -9.3364273E-05
  14.1000175   1.3639996E-03  -9.1231894E-05
  14.2000179   1.3230796E-03  -8.9142937E-05
  14.3000183   1.2833872E-03  -8.7097636E-05
  14.4000187   1.2448856E-03  -8.5094944E-05
  14.5000191   1.2075390E-03  -8.3134393E-05
  14.6000195   1.1713129E-03  -8.1215752E-05
  14.7000198   1.1361735E-03  -7.9336925E-05
  14.8000202   1.1020883E-03  -7.7498262E-05
  14.9000206   1.0690256E-03  -7.5698597E-05
  15.0000210   1.0369548E-03  -7.3937466E-05
  15.1000214   1.0058462E-03  -7.2214520E-05
  15.2000217   9.7567082E-04  -7.0528185E-05
  15.3000221   9.4640069E-04  -6.8878173E-05
  15.4000225   9.1800868E-04  -6.7264016E-05
  15.5000229   8.9046842E-04  -6.5684784E-05
  15.6000233   8.6375437E-04  -6.4140593E-05
  15.7000237   8.3784171E-04  -6.2629580E-05
  15.8000240   8.1270648E-04  -6.1151630E-05
  15.9000244   7.8832527E-04  -5.9706334E-05
  16.0000248   7.6467550E-04  -5.8292761E-05
  16.1000252   7.4173522E-04  -5.6910852E-05
  16.2000256   7.1948319E-04  -5.5559212E-05
  16.3000259   6.9789868E-04  -5.4237607E-05
  16.4000263   6.7696173E-04  -5.2945397E-05
  16.5000267   6.5665290E-04  -5.1682058E-05
  16.6000271   6.3695334E-04  -5.0447357E-05
  16.7000275   6.1784475E-04  -4.9240014E-05
  16.8000278   5.9930939E-04  -4.8059912E-05
  16.9000282   5.8133010E-04  -4.6906411E-05
  17.0000286   5.6389021E-04  -4.5778987E-05
  17.1000290   5.4697349E-04  -4.4677407E-05
  17.2000294   5.3056428E-04  -4.3600565E-05
  17.3000298   5.1464734E-04  -4.2548229E-05
  17.4000301   4.9920793E-04  -4.1519990E-05
  17.5000305   4.8423168E-04  -4.0515151E-05
  17.6000309   4.6970474E-04  -3.9533596E-05
  17.7000313   4.5561360E-04  -3.8574392E-05
  17.8000317   4.4194519E-04  -3.7637248E-05
  17.9000320   4.2868682E-04  -3.6721700E-05
  18.0000324   4.1582622E-04  -3.5827339E-05
  18.1000328   4.0335144E-04  -3.4953846E-05
  18.2000332   3.9125088E-04  -3.4100434E-05
  18.3000336   3.7951337E-04  -3.3266813E-05
  18.4000340   3.6812798E-04  -3.2452634E-05
  18.5000343   3.5708415E-04  -3.1657430E-05
  18.6000347   3.4637161E-04  -3.0881027E-05
  18.7000351   3.3598047E-04  -3.0122581E-05
  18.8000355   3.2590106E-04  -2.9381947E-05
  18.9000359   3.1612403E-04  -2.8658687E-05
  19.0000362   3.0664032E-04  -2.7952454E-05
  19.1000366   2.9744112E-04  -2.7263042E-05
  19.2000370   2.8851788E-04  -2.6589754E-05
  19.3000374   2.7986235E-04  -2.5932386E-05
  19.4000378   2.7146647E-04  -2.5290588E-05
  19.5000381   2.6332246E-04  -2.4664041E-05
  19.6000385   2.5542278E-04  -2.4052541E-05
  19.7000389   2.4776009E-04  -2.3455417E-05
  19.8000393   2.4032730E-04  -2.2872526E-05
  19.9000397   2.3311748E-04  -2.2303560E-05
  20.0000401   2.2612396E-04  -2.1748216E-05
  20.1000404   2.1934023E-04  -2.1206142E-05
  20.2000408   2.1276003E-04  -2.0677180E-05
  20.3000412   2.0637723E-04  -2.0160820E-05
  20.4000416   2.0018591E-04  -1.9656887E-05
  20.5000420   1.9418033E-04  -1.9165091E-05
  20.6000423   1.8835493E-04  -1.8685139E-05
  20.7000427   1.8270427E-04  -1.8216888E-05
  20.8000431   1.7722315E-04  -1.7759856E-05
  20.9000435   1.7190646E-04  -1.7313883E-05
  21.0000439   1.6674926E-04  -1.6878723E-05
  21.1000443   1.6174678E-04  -1.6454156E-05
  21.2000446   1.5689437E-04  -1.6039980E-05
  21.3000450   1.5218754E-04  -1.5635786E-05
  21.4000454   1.4762192E-04  -1.5241443E-05
  21.5000458   1.4319326E-04  -1.4856720E-05
  21.6000462   1.3889746E-04  -1.4481411E-05
  21.7000465   1.3473054E-04  -1.4115343E-05
  21.8000469   1.3068863E-04  -1.3758166E-05
  21.9000473   1.2676796E-04  -1.3409750E-05
  22.0000477   1.2296492E-04  -1.3069890E-05
  22.1000481   1.1927597E-04  -1.2738376E-05
  22.2000484   1.1569769E-04  -1.2415083E-05
  22.3000488   1.1222676E-04  -1.2099663E-05
  22.4000492   1.0885996E-04  -1.1792043E-05
  22.5000496   1.0559416E-04  -1.1492019E-05
  22.6000500   1.0242633E-04  -1.1199401E-05
  22.7000504   9.9353543E-05  -1.0914075E-05
  22.8000507   9.6372940E-05  -1.0635755E-05
  22.9000511   9.3481751E-05  -1.0364340E-05
  23.0000515   9.0677298E-05  -1.0099655E-05
  23.1000519   8.7956978E-05  -9.8415476E-06
  23.2000523   8.5318272E-05  -9.5898940E-06
  23.3000526   8.2758721E-05  -9.3444614E-06
  23.4000530   8.0275960E-05  -9.1051406E-06
  23.5000534   7.7867684E-05  -8.8717934E-06
  23.6000538   7.5531651E-05  -8.6442669E-06
  23.7000542   7.3265699E-05  -8.4224666E-06
  23.8000546   7.1067727E-05  -8.2061742E-06
  23.9000549   6.8935697E-05  -7.9952879E-06
  24.0000553   6.6867622E-05  -7.7896912E-06
  24.1000557   6.4861597E-05  -7.5892458E-06
  24.2000561   6.2915751E-05  -7.3938645E-06
  24.3000565   6.1028280E-05  -7.2033581E-06
  24.4000568   5.9197431E-05  -7.0176466E-06
  24.5000572   5.7421508E-05  -6.8365989E-06
  24.6000576   5.5698863E-05  -6.6601169E-06
  24.7000580   5.4027896E-05  -6.4881169E-06
  24.8000584   5.2407060E-05  -6.3204207E-06
  24.9000587   5.0834849E-05  -6.1569590E-06
  25.0000591   4.9309805E-05  -5.9976301E-06
  25.1000595   4.7830512E-05  -5.8423320E-06
  25.2000599   4.6395595E-05  -5.6909885E-06
  25.3000603   4.5003726E-05  -5.5434575E-06
  25.4000607   4.3653614E-05  -5.3996664E-06
  25.5000610   4.2344007E-05  -5.2595169E-06
  25.6000614   4.1073687E-05  -5.1229326E-06
  25.7000618   3.9841478E-05  -4.9898372E-06
  25.8000622   3.8646234E-05  -4.8601032E-06
  25.9000626   3.7486847E-05  -4.7336762E-06
  26.0000629   3.6362242E-05  -4.6104651E-06
  26.1000633   3.5271376E-05  -4.4903973E-06
  26.2000637   3.4213233E-05  -4.3734144E-06
  26.3000641   3.3186836E-05  -4.2593965E-06
  26.4000645   3.2191230E-05  -4.1482890E-06
  26.5000648   3.1225492E-05  -4.0400228E-06
  26.6000652   3.0288727E-05  -3.9345286E-06
  26.7000656   2.9380066E-05  -3.8317339E-06
  26.8000660   2.8498664E-05  -3.7315876E-06
  26.9000664   2.7643704E-05  -3.6339788E-06
  27.0000668   2.6814392E-05  -3.5389039E-06
  27.1000671   2.6009960E-05  -3.4462646E-06
  27.2000675   2.5229661E-05  -3.3559845E-06
  27.3000679   2.4472771E-05  -3.2680455E-06
  27.4000683   2.3738588E-05  -3.1823474E-06
  27.5000687   2.3026430E-05  -3.0988758E-06
  27.6000690   2.2335638E-05  -3.0175561E-06
  27.7000694   2.1665570E-05  -2.9383082E-06
  27.8000698   2.1015603E-05  -2.8611266E-06
  27.9000702   2.0385134E-05  -2.7859151E-06
  28.0000706   1.9773581E-05  -2.7126680E-06
  28.1000710   1.9180374E-05  -2.6413109E-06
  28.2000713   1.8604962E-05  -2.5717800E-06
  28.3000717   1.8046812E-05  -2.5040681E-06
  28.4000721   1.7505408E-05  -2.4380879E-06
  28.5000725   1.6980246E-05  -2.3738357E-06
  28.6000729   1.6470838E-05  -2.3112498E-06
  28.7000732   1.5976713E-05  -2.2502663E-06
  28.8000736   1.5497411E-05  -2.1908854E-06
  28.9000740   1.5032489E-05  -2.1330288E-06
  29.0000744   1.4581514E-05  -2.0766893E-06
  29.1000748   1.4144069E-05  -2.0218140E-06
  29.2000751   1.3719747E-05  -1.9683512E-06
  29.3000755   1.3308154E-05  -1.9162953E-06
  29.4000759   1.2908909E-05  -1.8655792E-06
  29.5000763   1.2521642E-05  -1.8161991E-06
  29.6000767   1.2145993E-05  -1.7681041E-06
  29.7000771   1.1781613E-05  -1.7212506E-06
  29.8000774   1.1428164E-05  -1.6756339E-06
  29.9000778   1.1085319E-05  -1.6311942E-06
  30.0000782   1.0752759E-05  -1.5879268E-06
  30.1000786   1.0430176E-05  -1.5457908E-06
